Algorithm: Kruskal's MST
MST edges:
63 73 1
75 96 1
1 3 1
4 85 3
79 89 3
29 82 3
44 83 3
16 53 3
68 94 3
54 59 3
18 87 4
49 67 4
31 32 4
43 79 5
34 45 5
10 39 5
0 1 6
26 99 6
32 47 6
16 21 7
1 70 7
17 63 7
25 34 7
7 91 8
14 39 8
4 53 8
44 49 8
26 63 9
32 44 10
2 11 10
6 90 10
0 50 10
8 90 11
21 94 11
7 87 12
9 77 12
28 48 14
6 98 14
7 41 14
7 63 15
27 42 15
18 54 16
9 98 16
19 31 17
5 20 17
44 70 17
78 96 18
36 46 18
51 52 19
61 90 20
6 65 21
4 69 21
25 39 21
30 62 22
1 4 22
17 28 23
67 78 23
22 45 23
82 99 24
49 71 24
7 10 25
35 56 25
7 43 26
17 65 26
19 65 28
2 3 28
69 80 30
36 45 30
54 93 32
66 97 32
38 53 32
30 91 33
27 75 34
43 55 35
0 20 36
58 66 37
36 81 39
4 15 40
23 52 41
51 63 41
16 60 43
40 84 43
42 64 45
43 95 46
68 72 49
13 30 50
2 33 51
54 92 53
37 81 54
77 88 55
69 86 56
32 76 57
41 57 59
12 73 59
41 56 63
30 74 64
22 40 66
58 94 70
17 24 72

Total MST weight: 2383
Execution time: 0.0578 ms
