100 300 0 3 1 4 2 -1 3 2 1 3 4 4 5 -1 6 2 2 3 7 4 8 -1 9 2 3 3 10 4 11
-1 12 2 4 3 13 4 14 -1 15 2 5 3 16 4 17 -1 18 2 6 3 19 4 20 -1 21 2 7 3
22 4 23 -1 24 2 8 3 25 4 26 -1 27 2 9 3 28 4 29 -1 30 2 10 3 31 4 32 -1
33 2 11 3 34 4 35 -1 36 2 12 3 37 4 38 -1 39 2 13 3 40 4 41 -1 42 2 14 3
43 4 44 -1 45 2 15 3 46 4 47 -1 48 2 16 3 49 4 50 -1 51 2 17 3 52 4 53
-1 54 2 18 3 55 4 56 -1 57 2 19 3 58 4 59 -1 60 2 20 3 61 4 62 -1 63 2
21 3 64 4 65 -1 66 2 22 3 67 4 68 -1 69 2 23 3 70 4 71 -1 72 2 24 3 73 4
74 -1 75 2 25 3 76 4 77 -1 78 2 26 3 79 4 80 -1 81 2 27 3 82 4 83 -1 84
2 28 3 85 4 86 -1 87 2 29 3 88 4 89 -1 90 2 30 3 91 4 92 -1 93 2 31 3 94
4 95 -1 96 2 32 3 97 4 98 -1 99 2 33 2 99 3 0 8 34 0 35 0 36 0 37 0 38 0
39 0 40 0 41 0 42 0 43 0 44 0 45 0 46 0 47 0 48 0 49 0 50 0 51 0 52 0 53
0 54 0 55 0 56 0 57 0 58 0 59 0 60 0 61 0 62 0 63 0 64 0 65 0 66 0 67 0
68 0 69 0 70 0 71 0 72 0 73 0 74 0 75 0 76 0 77 0 78 0 79 0 80 0 81 0 82
0 83 0 84 0 85 0 86 0 87 0 88 0 89 0 90 0 91 0 92 0 93 0 94 0 95 0 96 0
97 0 98 0 99 0 SOURCE 0