100 200
0 2 1 99
1 4 0 2 23 64
2 5 1 3 11 38 67
3 4 2 4 6 16
4 5 3 5 29 50 95
5 4 4 6 42 99
6 4 3 5 7 28
7 3 6 8 73
8 2 7 9
9 3 8 10 12
10 5 9 11 27 53 85
11 3 2 10 12
12 5 9 11 13 15 55
13 2 12 14
14 5 13 15 16 57 73
15 5 12 14 16 69 70
16 9 3 14 15 17 57 61 67 79 90
17 2 16 18
18 3 17 19 41
19 4 18 20 41 87
20 4 19 21 63 80
21 4 20 22 27 84
22 5 21 23 24 32 49
23 8 1 22 24 29 36 37 55 58
24 3 22 23 25
25 2 24 26
26 3 25 27 70
27 8 10 21 26 28 33 60 64 98
28 6 6 27 29 32 55 62
29 5 4 23 28 30 78
30 2 29 31
31 3 30 32 53
32 4 22 28 31 33
33 4 27 32 34 63
34 3 33 35 69
35 3 34 36 68
36 4 23 35 37 59
37 5 23 36 38 47 76
38 4 2 37 39 40
39 4 38 40 59 84
40 5 38 39 41 82 90
41 4 18 19 40 42
42 3 5 41 43
43 4 42 44 54 56
44 3 43 45 60
45 3 44 46 50
46 7 45 47 66 72 73 90 92
47 3 37 46 48
48 5 47 49 58 60 65
49 4 22 48 50 64
50 4 4 45 49 51
51 2 50 52
52 4 51 53 68 75
53 5 10 31 52 54 74
54 3 43 53 55
55 5 12 23 28 54 56
56 5 43 55 57 68 88
57 5 14 16 56 58 61
58 4 23 48 57 59
59 4 36 39 58 60
60 5 27 44 48 59 61
61 4 16 57 60 62
62 3 28 61 63
63 5 20 33 62 64 90
64 8 1 27 49 63 65 68 93 97
65 3 48 64 66
66 4 46 65 67 71
67 5 2 16 66 68 81
68 6 35 52 56 64 67 69
69 6 15 34 68 70 81 86
70 6 15 26 69 71 88 99
71 3 66 70 72
72 3 46 71 73
73 6 7 14 46 72 74 75
74 3 53 73 75
75 5 52 73 74 76 79
76 3 37 75 77
77 2 76 78
78 3 29 77 79
79 4 16 75 78 80
80 3 20 79 81
81 4 67 69 80 82
82 3 40 81 83
83 3 82 84 87
84 4 21 39 83 85
85 3 10 84 86
86 3 69 85 87
87 4 19 83 86 88
88 5 56 70 87 89 98
89 3 88 90 92
90 6 16 40 46 63 89 91
91 2 90 92
92 4 46 89 91 93
93 3 64 92 94
94 2 93 95
95 3 4 94 96
96 2 95 97
97 3 64 96 98
98 4 27 88 97 99
99 4 0 5 70 98
