Algorithm: Greedy Vertex Coloring
Vertex colors:
0 1
1 0
2 2
3 3
4 1
5 0
6 1
7 0
8 1
9 2
10 0
11 2
12 1
13 0
14 2
15 1
16 0
17 2
18 0
19 1
20 0
21 2
22 0
23 1
24 0
25 1
26 0
27 1
28 0
29 1
30 0
31 2
32 3
33 1
34 2
35 3
36 1
37 0
38 1
39 0
40 1
41 2
42 0
43 1
44 2
45 0
46 1
47 0
48 2
49 0
50 1
51 0
52 1
53 0
54 2
55 1
56 0
57 2
58 0
59 2
60 1
61 2
62 3
63 0
64 2
65 3
66 1
67 2
68 0
69 3
70 0
71 2
72 1
73 0
74 2
75 1
76 2
77 1
78 0
79 2
80 1
81 2
82 0
83 1
84 2
85 0
86 1
87 0
88 2
89 1
90 0
91 1
92 0
93 2
94 1
95 0
96 1
97 2
98 0
99 2
100 0
101 1
102 0
103 2
104 0
105 1
106 2
107 3
108 1
109 2
110 0
111 1
112 0
113 1
114 2
115 3
116 1
117 2
118 1
119 0
120 1
121 0
122 1
123 0
124 1
125 0
126 2
127 1
128 2
129 1
130 0
131 2
132 1
133 0
134 1
135 2
136 0
137 1
138 0
139 1
140 0
141 1
142 2
143 3
144 1
145 3
146 2
147 1
148 0
149 1
150 2
151 0
152 1
153 0
154 1
155 0
156 1
157 0
158 1
159 2
160 0
161 1
162 2
163 0
164 1
165 0
166 2
167 0
168 1
169 2
170 0
171 1
172 2
173 0
174 1
175 0
176 2
177 1
178 0
179 1
180 0
181 1
182 0
183 2
184 1
185 0
186 2
187 0
188 1
189 2
190 0
191 2
192 0
193 1
194 0
195 1
196 2
197 0
198 1
199 0
200 1
201 0
202 2
203 1
204 0
205 1
206 2
207 0
208 2
209 1
210 0
211 1
212 0
213 1
214 2
215 1
216 0
217 1
218 2
219 0
220 1
221 0
222 1
223 0
224 1
225 0
226 1
227 2
228 0
229 1
230 2
231 0
232 1
233 0
234 2
235 1
236 0
237 1
238 0
239 1
240 3
241 2
242 0
243 3
244 1
245 0
246 2
247 1
248 0
249 1
250 2
251 0
252 2
253 3
254 0
255 1
256 0
257 1
258 0
259 2
260 3
261 0
262 1
263 2
264 1
265 0
266 1
267 0
268 1
269 2
270 0
271 1
272 0
273 1
274 0
275 2
276 0
277 2
278 0
279 1
280 0
281 1
282 2
283 3
284 1
285 2
286 1
287 2
288 1
289 0
290 2
291 0
292 1
293 0
294 1
295 3
296 0
297 1
298 2
299 0
300 1
301 0
302 2
303 1
304 0
305 1
306 2
307 0
308 2
309 1
310 0
311 1
312 0
313 1
314 0
315 1
316 3
317 0
318 1
319 0
320 2
321 1
322 0
323 1
324 3
325 2
326 0
327 1
328 0
329 1
330 0
331 1
332 0
333 1
334 0
335 2
336 0
337 2
338 3
339 0
340 1
341 0
342 1
343 0
344 2
345 1
346 0
347 1
348 0
349 1
350 3
351 0
352 1
353 3
354 0
355 1
356 0
357 2
358 1
359 0
360 1
361 2
362 1
363 0
364 2
365 3
366 1
367 0
368 1
369 0
370 2
371 1
372 0
373 1
374 0
375 1
376 2
377 3
378 0
379 1
380 2
381 0
382 1
383 0
384 1
385 0
386 1
387 0
388 2
389 0
390 2
391 0
392 1
393 3
394 2
395 0
396 1
397 2
398 1
399 0
400 2
401 0
402 1
403 2
404 0
405 1
406 2
407 0
408 2
409 0
410 1
411 0
412 1
413 0
414 1
415 2
416 3
417 1
418 0
419 1
420 2
421 0
422 1
423 2
424 1
425 2
426 0
427 1
428 0
429 2
430 1
431 0
432 1
433 2
434 1
435 0
436 1
437 0
438 2
439 1
440 0
441 1
442 2
443 0
444 2
445 1
446 0
447 2
448 1
449 0
450 2
451 0
452 1
453 0
454 2
455 0
456 2
457 1
458 2
459 0
460 2
461 1
462 0
463 1
464 2
465 3
466 1
467 0
468 1
469 0
470 1
471 2
472 0
473 1
474 0
475 2
476 1
477 0
478 2
479 1
480 2
481 0
482 1
483 2
484 1
485 0
486 2
487 1
488 3
489 2
490 1
491 0
492 2
493 0
494 2
495 0
496 2
497 0
498 1
499 0
500 3
501 2
502 0
503 1
504 2
505 1
506 0
507 1
508 0
509 1
510 0
511 1
512 2
513 0
514 3
515 2
516 0
517 1
518 2
519 3
520 1
521 2
522 0
523 2
524 1
525 3
526 1
527 2
528 0
529 2
530 1
531 2
532 0
533 2
534 1
535 0
536 2
537 1
538 0
539 1
540 0
541 1
542 0
543 2
544 0
545 2
546 0
547 1
548 0
549 2
550 1
551 0
552 1
553 0
554 1
555 0
556 1
557 2
558 1
559 2
560 0
561 1
562 3
563 2
564 0
565 2
566 0
567 2
568 1
569 2
570 1
571 0
572 2
573 0
574 1
575 0
576 1
577 3
578 0
579 2
580 1
581 0
582 1
583 0
584 1
585 0
586 2
587 1
588 0
589 1
590 2
591 0
592 1
593 0
594 1
595 0
596 1
597 0
598 1
599 2
600 0
601 1
602 0
603 3
604 1
605 0
606 2
607 0
608 2
609 1
610 0
611 3
612 1
613 2
614 3
615 0
616 1
617 0
618 2
619 0
620 1
621 0
622 1
623 0
624 1
625 2
626 0
627 1
628 2
629 0
630 1
631 0
632 1
633 0
634 1
635 2
636 3
637 0
638 2
639 1
640 2
641 1
642 0
643 1
644 0
645 1
646 2
647 0
648 1
649 2
650 0
651 1
652 0
653 2
654 1
655 2
656 0
657 2
658 1
659 2
660 0
661 1
662 2
663 0
664 1
665 0
666 2
667 1
668 0
669 1
670 0
671 2
672 0
673 2
674 3
675 0
676 1
677 2
678 0
679 1
680 0
681 1
682 0
683 1
684 0
685 1
686 3
687 1
688 0
689 1
690 0
691 1
692 2
693 0
694 2
695 0
696 2
697 0
698 1
699 3
700 0
701 1
702 2
703 1
704 0
705 1
706 0
707 1
708 0
709 2
710 0
711 1
712 0
713 2
714 1
715 3
716 0
717 1
718 0
719 2
720 1
721 2
722 0
723 1
724 0
725 2
726 1
727 0
728 2
729 0
730 2
731 1
732 0
733 2
734 1
735 2
736 0
737 1
738 0
739 1
740 0
741 1
742 2
743 0
744 2
745 0
746 1
747 0
748 2
749 0
750 1
751 0
752 1
753 0
754 1
755 2
756 1
757 0
758 1
759 0
760 1
761 2
762 1
763 0
764 1
765 0
766 1
767 2
768 0
769 1
770 0
771 1
772 2
773 1
774 0
775 2
776 1
777 2
778 0
779 2
780 0
781 1
782 2
783 0
784 1
785 0
786 2
787 1
788 2
789 1
790 0
791 1
792 0
793 2
794 1
795 0
796 1
797 0
798 1
799 2
800 1
801 2
802 0
803 1
804 0
805 1
806 0
807 2
808 1
809 0
810 2
811 1
812 0
813 1
814 0
815 1
816 0
817 2
818 0
819 1
820 3
821 0
822 1
823 2
824 0
825 1
826 0
827 2
828 1
829 2
830 3
831 1
832 0
833 1
834 0
835 1
836 2
837 0
838 1
839 0
840 1
841 0
842 1
843 2
844 0
845 1
846 3
847 0
848 1
849 2
850 0
851 1
852 2
853 0
854 1
855 2
856 1
857 0
858 1
859 0
860 1
861 0
862 2
863 1
864 0
865 2
866 0
867 2
868 0
869 2
870 1
871 2
872 1
873 2
874 0
875 2
876 3
877 0
878 1
879 2
880 0
881 1
882 2
883 0
884 2
885 1
886 2
887 0
888 1
889 3
890 0
891 1
892 2
893 1
894 2
895 0
896 2
897 1
898 2
899 1
900 0
901 2
902 1
903 3
904 0
905 2
906 1
907 0
908 1
909 2
910 0
911 1
912 2
913 1
914 0
915 2
916 1
917 0
918 1
919 0
920 2
921 0
922 1
923 2
924 1
925 0
926 2
927 1
928 0
929 1
930 2
931 1
932 0
933 1
934 2
935 1
936 0
937 1
938 2
939 0
940 1
941 0
942 1
943 0
944 1
945 0
946 1
947 0
948 1
949 0
950 2
951 0
952 3
953 2
954 1
955 0
956 1
957 2
958 1
959 2
960 1
961 2
962 1
963 0
964 1
965 0
966 1
967 2
968 0
969 1
970 2
971 0
972 2
973 3
974 0
975 2
976 3
977 0
978 2
979 1
980 2
981 3
982 0
983 2
984 0
985 1
986 0
987 2
988 0
989 2
990 1
991 3
992 0
993 2
994 0
995 1
996 2
997 3
998 0
999 2
1000 1
1001 2
1002 0
1003 1
1004 0
1005 1
1006 0
1007 1
1008 2
1009 0
1010 2
1011 1
1012 2
1013 0
1014 1
1015 2
1016 1
1017 0
1018 2
1019 1
1020 2
1021 0
1022 1
1023 2
1024 0
1025 2
1026 1
1027 0
1028 2
1029 1
1030 2
1031 3
1032 1
1033 2
1034 0
1035 2
1036 1
1037 0
1038 1
1039 2
1040 0
1041 1
1042 2
1043 0
1044 1
1045 2
1046 0
1047 1
1048 2
1049 0
1050 2
1051 1
1052 0
1053 1
1054 2
1055 1
1056 2
1057 0
1058 2
1059 0
1060 2
1061 1
1062 2
1063 0
1064 1
1065 0
1066 2
1067 1
1068 2
1069 1
1070 2
1071 0
1072 2
1073 0
1074 1
1075 2
1076 1
1077 0
1078 1
1079 0
1080 1
1081 2
1082 3
1083 1
1084 2
1085 0
1086 2
1087 1
1088 0
1089 1
1090 0
1091 1
1092 2
1093 0
1094 1
1095 0
1096 1
1097 0
1098 2
1099 1
1100 2
1101 1
1102 0
1103 1
1104 2
1105 3
1106 1
1107 0
1108 2
1109 0
1110 1
1111 2
1112 0
1113 1
1114 2
1115 0
1116 3
1117 2
1118 1
1119 2
1120 0
1121 1
1122 0
1123 1
1124 2
1125 0
1126 2
1127 1
1128 0
1129 2
1130 1
1131 2
1132 0
1133 1
1134 0
1135 1
1136 2
1137 0
1138 1
1139 0
1140 2
1141 1
1142 0
1143 1
1144 0
1145 1
1146 2
1147 3
1148 0
1149 1
1150 0
1151 1
1152 0
1153 1
1154 2
1155 0
1156 1
1157 2
1158 0
1159 2
1160 0
1161 1
1162 0
1163 2
1164 0
1165 1
1166 0
1167 1
1168 0
1169 2
1170 0
1171 1
1172 0
1173 1
1174 2
1175 0
1176 1
1177 2
1178 0
1179 1
1180 0
1181 1
1182 0
1183 2
1184 1
1185 0
1186 1
1187 0
1188 2
1189 1
1190 0
1191 1
1192 0
1193 1
1194 0
1195 2
1196 1
1197 2
1198 0
1199 1
1200 2
1201 1
1202 0
1203 2
1204 1
1205 2
1206 0
1207 2
1208 1
1209 0
1210 1
1211 0
1212 1
1213 2
1214 1
1215 2
1216 0
1217 2
1218 1
1219 0
1220 1
1221 0
1222 2
1223 1
1224 0
1225 1
1226 0
1227 2
1228 1
1229 0
1230 1
1231 2
1232 1
1233 2
1234 0
1235 1
1236 0
1237 1
1238 0
1239 1
1240 3
1241 2
1242 0
1243 2
1244 3
1245 0
1246 1
1247 2
1248 0
1249 2
1250 1
1251 2
1252 0
1253 1
1254 2
1255 0
1256 1
1257 2
1258 1
1259 2
1260 1
1261 0
1262 1
1263 2
1264 0
1265 2
1266 0
1267 1
1268 2
1269 0
1270 1
1271 2
1272 0
1273 1
1274 2
1275 1
1276 2
1277 1
1278 2
1279 0
1280 1
1281 0
1282 2
1283 1
1284 0
1285 2
1286 1
1287 0
1288 2
1289 3
1290 0
1291 1
1292 2
1293 1
1294 2
1295 0
1296 1
1297 0
1298 1
1299 0
1300 1
1301 2
1302 1
1303 2
1304 0
1305 2
1306 0
1307 2
1308 1
1309 0
1310 3
1311 2
1312 0
1313 1
1314 0
1315 1
1316 0
1317 1
1318 0
1319 2
1320 3
1321 1
1322 2
1323 0
1324 1
1325 0
1326 1
1327 2
1328 0
1329 2
1330 1
1331 2
1332 0
1333 1
1334 2
1335 1
1336 0
1337 1
1338 0
1339 2
1340 1
1341 0
1342 2
1343 3
1344 1
1345 2
1346 1
1347 2
1348 0
1349 1
1350 0
1351 1
1352 0
1353 2
1354 1
1355 2
1356 0
1357 1
1358 0
1359 1
1360 2
1361 0
1362 2
1363 1
1364 0
1365 2
1366 1
1367 2
1368 0
1369 1
1370 2
1371 0
1372 2
1373 1
1374 2
1375 3
1376 1
1377 2
1378 0
1379 1
1380 0
1381 1
1382 0
1383 1
1384 2
1385 0
1386 2
1387 1
1388 2
1389 0
1390 2
1391 0
1392 1
1393 0
1394 1
1395 2
1396 1
1397 0
1398 1
1399 0
1400 1
1401 0
1402 2
1403 1
1404 0
1405 2
1406 1
1407 2
1408 1
1409 0
1410 1
1411 0
1412 1
1413 2
1414 1
1415 2
1416 1
1417 2
1418 0
1419 1
1420 0
1421 1
1422 0
1423 1
1424 2
1425 0
1426 1
1427 2
1428 0
1429 1
1430 0
1431 1
1432 0
1433 1
1434 2
1435 0
1436 1
1437 0
1438 2
1439 1
1440 0
1441 1
1442 3
1443 2
1444 3
1445 1
1446 0
1447 2
1448 1
1449 0
1450 1
1451 0
1452 1
1453 0
1454 1
1455 0
1456 2
1457 1
1458 2
1459 3
1460 1
1461 2
1462 1
1463 0
1464 1
1465 2
1466 1
1467 0
1468 2
1469 3
1470 1
1471 0
1472 1
1473 2
1474 0
1475 2
1476 1
1477 2
1478 1
1479 0
1480 2
1481 3
1482 0
1483 2
1484 1
1485 2
1486 3
1487 0
1488 2
1489 1
1490 0
1491 1
1492 0
1493 1
1494 0
1495 2
1496 0
1497 1
1498 2
1499 0
1500 2
1501 1
1502 2
1503 0
1504 1
1505 0
1506 1
1507 0
1508 1
1509 2
1510 0
1511 2
1512 1
1513 0
1514 2
1515 1
1516 0
1517 2
1518 0
1519 1
1520 0
1521 2
1522 3
1523 1
1524 0
1525 2
1526 0
1527 2
1528 1
1529 0
1530 1
1531 2
1532 1
1533 0
1534 1
1535 2
1536 0
1537 1
1538 2
1539 0
1540 1
1541 0
1542 2
1543 1
1544 0
1545 2
1546 1
1547 0
1548 1
1549 0
1550 2
1551 1
1552 0
1553 2
1554 1
1555 2
1556 1
1557 0
1558 1
1559 0
1560 2
1561 1
1562 2
1563 1
1564 0
1565 2
1566 3
1567 0
1568 2
1569 1
1570 3
1571 0
1572 1
1573 0
1574 1
1575 2
1576 1
1577 0
1578 1
1579 0
1580 1
1581 0
1582 2
1583 1
1584 2
1585 1
1586 0
1587 1
1588 2
1589 3
1590 0
1591 3
1592 2
1593 1
1594 2
1595 0
1596 1
1597 0
1598 1
1599 0
1600 2
1601 0
1602 1
1603 0
1604 2
1605 0
1606 1
1607 0
1608 1
1609 0
1610 1
1611 2
1612 0
1613 1
1614 2
1615 0
1616 2
1617 0
1618 2
1619 0
1620 1
1621 0
1622 1
1623 0
1624 2
1625 0
1626 1
1627 2
1628 0
1629 1
1630 0
1631 1
1632 2
1633 0
1634 2
1635 0
1636 1
1637 0
1638 1
1639 0
1640 1
1641 0
1642 2
1643 1
1644 2
1645 1
1646 2
1647 1
1648 0
1649 1
1650 2
1651 3
1652 0
1653 1
1654 0
1655 1
1656 0
1657 3
1658 1
1659 0
1660 2
1661 0
1662 2
1663 1
1664 0
1665 1
1666 0
1667 1
1668 0
1669 1
1670 0
1671 2
1672 1
1673 0
1674 1
1675 2
1676 1
1677 0
1678 1
1679 2
1680 1
1681 0
1682 2
1683 1
1684 2
1685 1
1686 0
1687 1
1688 0
1689 1
1690 0
1691 2
1692 1
1693 0
1694 2
1695 1
1696 0
1697 1
1698 0
1699 1
1700 0
1701 1
1702 0
1703 2
1704 0
1705 1
1706 2
1707 1
1708 2
1709 3
1710 0
1711 1
1712 0
1713 1
1714 2
1715 0
1716 1
1717 3
1718 1
1719 0
1720 1
1721 0
1722 2
1723 3
1724 0
1725 2
1726 1
1727 0
1728 1
1729 0
1730 1
1731 0
1732 1
1733 0
1734 1
1735 0
1736 2
1737 1
1738 2
1739 0
1740 1
1741 0
1742 2
1743 0
1744 2
1745 1
1746 0
1747 1
1748 2
1749 1
1750 2
1751 0
1752 1
1753 2
1754 0
1755 1
1756 0
1757 2
1758 1
1759 2
1760 0
1761 2
1762 3
1763 1
1764 0
1765 1
1766 2
1767 3
1768 0
1769 2
1770 0
1771 1
1772 0
1773 1
1774 0
1775 1
1776 0
1777 1
1778 0
1779 2
1780 1
1781 0
1782 1
1783 2
1784 3
1785 1
1786 0
1787 2
1788 0
1789 2
1790 1
1791 0
1792 2
1793 1
1794 2
1795 1
1796 0
1797 1
1798 2
1799 1
1800 0
1801 2
1802 0
1803 2
1804 1
1805 2
1806 1
1807 0
1808 1
1809 0
1810 2
1811 1
1812 0
1813 1
1814 0
1815 1
1816 0
1817 1
1818 2
1819 1
1820 0
1821 2
1822 1
1823 2
1824 0
1825 1
1826 2
1827 0
1828 1
1829 2
1830 1
1831 0
1832 2
1833 1
1834 0
1835 2
1836 0
1837 2
1838 1
1839 0
1840 1
1841 2
1842 0
1843 1
1844 0
1845 2
1846 1
1847 0
1848 1
1849 0
1850 3
1851 0
1852 1
1853 2
1854 0
1855 2
1856 1
1857 0
1858 2
1859 0
1860 2
1861 0
1862 2
1863 0
1864 2
1865 3
1866 0
1867 1
1868 2
1869 0
1870 1
1871 3
1872 2
1873 0
1874 2
1875 1
1876 0
1877 2
1878 1
1879 0
1880 1
1881 0
1882 1
1883 2
1884 0
1885 2
1886 1
1887 2
1888 0
1889 2
1890 3
1891 1
1892 0
1893 1
1894 2
1895 0
1896 2
1897 0
1898 2
1899 0
1900 2
1901 1
1902 0
1903 1
1904 3
1905 2
1906 3
1907 0
1908 1
1909 0
1910 1
1911 2
1912 0
1913 1
1914 2
1915 0
1916 1
1917 0
1918 1
1919 0
1920 1
1921 0
1922 2
1923 0
1924 1
1925 2
1926 0
1927 1
1928 2
1929 0
1930 2
1931 1
1932 2
1933 0
1934 1
1935 2
1936 1
1937 0
1938 1
1939 2
1940 0
1941 1
1942 0
1943 2
1944 1
1945 0
1946 1
1947 2
1948 0
1949 1
1950 0
1951 1
1952 0
1953 2
1954 1
1955 0
1956 2
1957 1
1958 0
1959 2
1960 1
1961 2
1962 0
1963 2
1964 1
1965 0
1966 1
1967 2
1968 0
1969 1
1970 0
1971 1
1972 0
1973 1
1974 2
1975 1
1976 0
1977 1
1978 2
1979 1
1980 0
1981 1
1982 0
1983 1
1984 0
1985 3
1986 2
1987 0
1988 2
1989 0
1990 2
1991 1
1992 2
1993 0
1994 1
1995 0
1996 1
1997 2
1998 0
1999 2
2000 0
2001 1
2002 0
2003 1
2004 0
2005 1
2006 0
2007 1
2008 2
2009 3
2010 0
2011 1
2012 0
2013 2
2014 1
2015 0
2016 2
2017 3
2018 1
2019 0
2020 1
2021 0
2022 2
2023 0
2024 1
2025 0
2026 2
2027 0
2028 2
2029 1
2030 2
2031 3
2032 0
2033 2
2034 1
2035 2
2036 0
2037 2
2038 1
2039 0
2040 1
2041 0
2042 1
2043 0
2044 1
2045 0
2046 1
2047 0
2048 1
2049 0
2050 1
2051 0
2052 1
2053 0
2054 2
2055 1
2056 0
2057 2
2058 1
2059 2
2060 0
2061 1
2062 2
2063 3
2064 0
2065 2
2066 0
2067 1
2068 2
2069 1
2070 0
2071 1
2072 0
2073 2
2074 1
2075 0
2076 2
2077 1
2078 0
2079 1
2080 0
2081 2
2082 0
2083 1
2084 0
2085 1
2086 0
2087 1
2088 2
2089 1
2090 0
2091 3
2092 1
2093 0
2094 1
2095 0
2096 1
2097 2
2098 0
2099 1
2100 0
2101 1
2102 0
2103 1
2104 0
2105 2
2106 1
2107 2
2108 1
2109 0
2110 2
2111 1
2112 2
2113 1
2114 2
2115 0
2116 1
2117 2
2118 0
2119 2
2120 0
2121 1
2122 2
2123 0
2124 2
2125 1
2126 2
2127 1
2128 2
2129 0
2130 2
2131 3
2132 2
2133 0
2134 1
2135 0
2136 2
2137 0
2138 1
2139 0
2140 2
2141 1
2142 0
2143 1
2144 0
2145 1
2146 2
2147 1
2148 2
2149 0
2150 1
2151 0
2152 2
2153 1
2154 0
2155 1
2156 0
2157 1
2158 0
2159 2
2160 1
2161 2
2162 0
2163 2
2164 0
2165 1
2166 0
2167 1
2168 0
2169 2
2170 1
2171 2
2172 0
2173 2
2174 1
2175 0
2176 2
2177 1
2178 0
2179 1
2180 2
2181 0
2182 2
2183 1
2184 2
2185 1
2186 2
2187 0
2188 2
2189 0
2190 1
2191 0
2192 1
2193 2
2194 0
2195 1
2196 0
2197 1
2198 2
2199 1
2200 0
2201 1
2202 0
2203 1
2204 0
2205 1
2206 0
2207 2
2208 3
2209 0
2210 1
2211 0
2212 2
2213 0
2214 1
2215 0
2216 1
2217 2
2218 0
2219 1
2220 2
2221 1
2222 0
2223 1
2224 0
2225 2
2226 3
2227 0
2228 1
2229 0
2230 2
2231 3
2232 0
2233 1
2234 2
2235 0
2236 2
2237 1
2238 0
2239 1
2240 2
2241 0
2242 1
2243 2
2244 3
2245 1
2246 2
2247 0
2248 2
2249 0
2250 1
2251 0
2252 1
2253 0
2254 3
2255 2
2256 0
2257 1
2258 2
2259 3
2260 0
2261 1
2262 0
2263 1
2264 0
2265 1
2266 2
2267 1
2268 0
2269 1
2270 2
2271 0
2272 1
2273 2
2274 0
2275 1
2276 2
2277 0
2278 1
2279 2
2280 0
2281 3
2282 0
2283 1
2284 2
2285 0
2286 1
2287 0
2288 2
2289 0
2290 3
2291 2
2292 1
2293 0
2294 2
2295 1
2296 0
2297 1
2298 2
2299 0
2300 1
2301 2
2302 0
2303 1
2304 0
2305 1
2306 0
2307 3
2308 1
2309 2
2310 0
2311 2
2312 0
2313 1
2314 0
2315 2
2316 0
2317 1
2318 2
2319 0
2320 2
2321 0
2322 2
2323 0
2324 1
2325 0
2326 1
2327 0
2328 1
2329 3
2330 0
2331 1
2332 0
2333 2
2334 1
2335 2
2336 1
2337 0
2338 2
2339 3
2340 1
2341 0
2342 1
2343 2
2344 0
2345 1
2346 2
2347 0
2348 2
2349 0
2350 2
2351 0
2352 1
2353 3
2354 2
2355 1
2356 0
2357 1
2358 2
2359 0
2360 1
2361 2
2362 0
2363 1
2364 0
2365 2
2366 0
2367 1
2368 2
2369 1
2370 0
2371 2
2372 1
2373 0
2374 1
2375 0
2376 1
2377 0
2378 1
2379 0
2380 1
2381 0
2382 1
2383 2
2384 0
2385 1
2386 2
2387 0
2388 1
2389 2
2390 0
2391 1
2392 0
2393 3
2394 1
2395 2
2396 0
2397 2
2398 1
2399 0
2400 2
2401 0
2402 1
2403 2
2404 0
2405 4
2406 2
2407 3
2408 1
2409 3
2410 2
2411 1
2412 2
2413 0
2414 1
2415 2
2416 1
2417 0
2418 2
2419 1
2420 2
2421 1
2422 0
2423 2
2424 0
2425 2
2426 1
2427 0
2428 1
2429 0
2430 1
2431 0
2432 1
2433 2
2434 3
2435 1
2436 2
2437 1
2438 2
2439 0
2440 2
2441 0
2442 1
2443 3
2444 2
2445 1
2446 2
2447 0
2448 1
2449 0
2450 1
2451 0
2452 1
2453 0
2454 1
2455 0
2456 1
2457 2
2458 0
2459 1
2460 0
2461 1
2462 0
2463 1
2464 0
2465 1
2466 2
2467 0
2468 1
2469 3
2470 1
2471 0
2472 1
2473 0
2474 1
2475 0
2476 1
2477 2
2478 0
2479 2
2480 1
2481 0
2482 1
2483 0
2484 1
2485 0
2486 2
2487 0
2488 1
2489 0
2490 1
2491 0
2492 1
2493 2
2494 0
2495 1
2496 0
2497 1
2498 0
2499 1
2500 2
2501 0
2502 1
2503 0
2504 3
2505 2
2506 1
2507 0
2508 3
2509 1
2510 2
2511 0
2512 1
2513 0
2514 2
2515 1
2516 0
2517 1
2518 0
2519 2
2520 0
2521 2
2522 0
2523 1
2524 0
2525 2
2526 0
2527 2
2528 0
2529 1
2530 0
2531 1
2532 0
2533 2
2534 0
2535 2
2536 1
2537 2
2538 0
2539 2
2540 1
2541 3
2542 2
2543 0
2544 1
2545 2
2546 1
2547 0
2548 1
2549 2
2550 1
2551 0
2552 2
2553 1
2554 2
2555 0
2556 2
2557 1
2558 0
2559 1
2560 2
2561 0
2562 2
2563 0
2564 1
2565 0
2566 2
2567 1
2568 2
2569 1
2570 0
2571 3
2572 2
2573 1
2574 2
2575 0
2576 1
2577 2
2578 0
2579 1
2580 0
2581 1
2582 2
2583 1
2584 2
2585 1
2586 0
2587 2
2588 3
2589 1
2590 0
2591 1
2592 0
2593 2
2594 3
2595 1
2596 2
2597 0
2598 1
2599 0
2600 2
2601 1
2602 2
2603 0
2604 1
2605 2
2606 0
2607 2
2608 3
2609 1
2610 2
2611 1
2612 2
2613 0
2614 1
2615 0
2616 2
2617 1
2618 2
2619 0
2620 1
2621 3
2622 2
2623 1
2624 2
2625 0
2626 1
2627 3
2628 2
2629 0
2630 1
2631 0
2632 1
2633 0
2634 1
2635 2
2636 0
2637 1
2638 2
2639 0
2640 2
2641 1
2642 0
2643 1
2644 2
2645 3
2646 0
2647 1
2648 0
2649 2
2650 1
2651 0
2652 1
2653 0
2654 2
2655 1
2656 0
2657 2
2658 0
2659 1
2660 2
2661 0
2662 1
2663 2
2664 0
2665 1
2666 2
2667 0
2668 1
2669 0
2670 2
2671 0
2672 1
2673 2
2674 1
2675 2
2676 0
2677 1
2678 0
2679 1
2680 0
2681 1
2682 0
2683 1
2684 0
2685 2
2686 1
2687 2
2688 1
2689 2
2690 0
2691 1
2692 2
2693 3
2694 2
2695 0
2696 2
2697 0
2698 2
2699 0
2700 2
2701 3
2702 1
2703 0
2704 2
2705 1
2706 2
2707 0
2708 2
2709 0
2710 1
2711 0
2712 1
2713 0
2714 1
2715 2
2716 0
2717 1
2718 0
2719 2
2720 0
2721 2
2722 1
2723 0
2724 1
2725 0
2726 1
2727 2
2728 0
2729 1
2730 0
2731 2
2732 1
2733 0
2734 1
2735 2
2736 0
2737 2
2738 1
2739 0
2740 2
2741 0
2742 2
2743 0
2744 1
2745 0
2746 1
2747 2
2748 1
2749 2
2750 0
2751 1
2752 0
2753 2
2754 0
2755 2
2756 0
2757 1
2758 2
2759 1
2760 0
2761 1
2762 2
2763 0
2764 1
2765 2
2766 1
2767 2
2768 0
2769 1
2770 0
2771 2
2772 1
2773 2
2774 1
2775 0
2776 2
2777 3
2778 0
2779 2
2780 0
2781 1
2782 2
2783 0
2784 2
2785 1
2786 0
2787 2
2788 1
2789 2
2790 0
2791 1
2792 0
2793 1
2794 0
2795 3
2796 2
2797 0
2798 1
2799 0
2800 1
2801 0
2802 2
2803 0
2804 1
2805 2
2806 0
2807 1
2808 3
2809 1
2810 2
2811 0
2812 2
2813 1
2814 2
2815 0
2816 2
2817 1
2818 0
2819 2
2820 1
2821 2
2822 1
2823 0
2824 2
2825 0
2826 1
2827 2
2828 0
2829 1
2830 0
2831 1
2832 0
2833 2
2834 1
2835 0
2836 1
2837 0
2838 1
2839 0
2840 2
2841 1
2842 3
2843 0
2844 3
2845 0
2846 1
2847 0
2848 1
2849 0
2850 2
2851 1
2852 3
2853 1
2854 2
2855 1
2856 0
2857 1
2858 2
2859 0
2860 2
2861 1
2862 0
2863 1
2864 2
2865 3
2866 0
2867 2
2868 0
2869 3
2870 2
2871 0
2872 1
2873 2
2874 0
2875 1
2876 2
2877 0
2878 1
2879 0
2880 2
2881 1
2882 2
2883 1
2884 2
2885 0
2886 1
2887 2
2888 0
2889 1
2890 2
2891 0
2892 1
2893 2
2894 0
2895 1
2896 0
2897 1
2898 0
2899 1
2900 0
2901 1
2902 0
2903 1
2904 0
2905 1
2906 2
2907 0
2908 1
2909 0
2910 2
2911 1
2912 0
2913 1
2914 2
2915 0
2916 2
2917 0
2918 2
2919 1
2920 0
2921 1
2922 0
2923 1
2924 2
2925 0
2926 1
2927 0
2928 1
2929 0
2930 1
2931 2
2932 0
2933 1
2934 0
2935 1
2936 2
2937 0
2938 1
2939 0
2940 1
2941 0
2942 3
2943 1
2944 0
2945 1
2946 0
2947 1
2948 0
2949 1
2950 2
2951 3
2952 1
2953 2
2954 1
2955 0
2956 2
2957 3
2958 1
2959 0
2960 2
2961 0
2962 2
2963 1
2964 0
2965 1
2966 0
2967 3
2968 2
2969 0
2970 1
2971 0
2972 2
2973 0
2974 1
2975 0
2976 1
2977 0
2978 2
2979 0
2980 3
2981 1
2982 0
2983 1
2984 0
2985 1
2986 0
2987 2
2988 3
2989 0
2990 1
2991 2
2992 3
2993 1
2994 0
2995 2
2996 3
2997 1
2998 0
2999 1
3000 2
3001 3
3002 1
3003 0
3004 2
3005 0
3006 2
3007 1
3008 2
3009 3
3010 0
3011 2
3012 0
3013 1
3014 2
3015 0
3016 1
3017 0
3018 1
3019 0
3020 2
3021 0
3022 1
3023 0
3024 1
3025 0
3026 1
3027 2
3028 0
3029 1
3030 0
3031 1
3032 0
3033 2
3034 1
3035 0
3036 2
3037 1
3038 2
3039 1
3040 0
3041 2
3042 3
3043 0
3044 2
3045 3
3046 0
3047 3
3048 1
3049 0
3050 1
3051 2
3052 1
3053 2
3054 1
3055 0
3056 1
3057 0
3058 2
3059 3
3060 1
3061 0
3062 2
3063 0
3064 2
3065 1
3066 0
3067 1
3068 2
3069 0
3070 1
3071 0
3072 1
3073 0
3074 1
3075 3
3076 2
3077 0
3078 1
3079 0
3080 1
3081 0
3082 2
3083 0
3084 1
3085 0
3086 1
3087 2
3088 0
3089 1
3090 0
3091 1
3092 2
3093 1
3094 2
3095 1
3096 2
3097 0
3098 1
3099 0
3100 1
3101 2
3102 0
3103 3
3104 2
3105 1
3106 0
3107 1
3108 0
3109 1
3110 2
3111 3
3112 1
3113 2
3114 0
3115 2
3116 1
3117 2
3118 0
3119 1
3120 0
3121 1
3122 0
3123 1
3124 0
3125 1
3126 2
3127 1
3128 2
3129 1
3130 0
3131 1
3132 0
3133 2
3134 1
3135 0
3136 1
3137 0
3138 2
3139 1
3140 0
3141 1
3142 0
3143 1
3144 2
3145 1
3146 0
3147 2
3148 0
3149 1
3150 2
3151 0
3152 1
3153 0
3154 2
3155 0
3156 2
3157 1
3158 0
3159 2
3160 1
3161 0
3162 2
3163 0
3164 2
3165 0
3166 1
3167 0
3168 2
3169 1
3170 3
3171 0
3172 2
3173 1
3174 0
3175 2
3176 3
3177 0
3178 1
3179 2
3180 1
3181 0
3182 3
3183 2
3184 0
3185 2
3186 1
3187 0
3188 1
3189 2
3190 0
3191 2
3192 0
3193 2
3194 1
3195 0
3196 1
3197 2
3198 0
3199 1
3200 2
3201 3
3202 1
3203 0
3204 1
3205 0
3206 3
3207 2
3208 1
3209 2
3210 0
3211 2
3212 1
3213 0
3214 1
3215 0
3216 1
3217 0
3218 1
3219 2
3220 0
3221 1
3222 2
3223 1
3224 2
3225 0
3226 2
3227 1
3228 0
3229 1
3230 0
3231 1
3232 0
3233 1
3234 2
3235 0
3236 1
3237 0
3238 1
3239 2
3240 0
3241 2
3242 1
3243 0
3244 1
3245 0
3246 1
3247 0
3248 1
3249 2
3250 1
3251 2
3252 1
3253 0
3254 1
3255 0
3256 1
3257 2
3258 0
3259 2
3260 1
3261 3
3262 0
3263 1
3264 0
3265 3
3266 2
3267 1
3268 2
3269 1
3270 2
3271 1
3272 0
3273 2
3274 3
3275 1
3276 0
3277 2
3278 1
3279 0
3280 2
3281 1
3282 2
3283 0
3284 2
3285 1
3286 0
3287 1
3288 2
3289 1
3290 0
3291 2
3292 0
3293 1
3294 2
3295 0
3296 1
3297 0
3298 2
3299 1
3300 0
3301 1
3302 2
3303 1
3304 3
3305 2
3306 1
3307 0
3308 1
3309 2
3310 0
3311 1
3312 2
3313 0
3314 1
3315 2
3316 1
3317 2
3318 0
3319 1
3320 0
3321 1
3322 0
3323 2
3324 0
3325 2
3326 0
3327 2
3328 1
3329 0
3330 3
3331 1
3332 0
3333 1
3334 0
3335 1
3336 0
3337 1
3338 0
3339 2
3340 3
3341 0
3342 1
3343 2
3344 1
3345 0
3346 1
3347 0
3348 1
3349 0
3350 2
3351 0
3352 1
3353 2
3354 0
3355 1
3356 0
3357 1
3358 0
3359 2
3360 0
3361 1
3362 0
3363 1
3364 2
3365 0
3366 2
3367 1
3368 0
3369 2
3370 0
3371 2
3372 0
3373 2
3374 1
3375 2
3376 3
3377 1
3378 2
3379 0
3380 2
3381 0
3382 2
3383 1
3384 2
3385 1
3386 0
3387 2
3388 1
3389 0
3390 1
3391 2
3392 0
3393 2
3394 1
3395 0
3396 1
3397 0
3398 2
3399 0
3400 2
3401 0
3402 2
3403 1
3404 0
3405 1
3406 2
3407 1
3408 0
3409 1
3410 2
3411 0
3412 1
3413 2
3414 3
3415 0
3416 3
3417 2
3418 1
3419 0
3420 2
3421 1
3422 2
3423 0
3424 1
3425 0
3426 1
3427 0
3428 1
3429 0
3430 2
3431 1
3432 0
3433 1
3434 0
3435 1
3436 2
3437 0
3438 1
3439 0
3440 2
3441 1
3442 0
3443 2
3444 0
3445 2
3446 0
3447 2
3448 0
3449 1
3450 0
3451 2
3452 1
3453 0
3454 2
3455 0
3456 1
3457 2
3458 0
3459 2
3460 0
3461 3
3462 1
3463 2
3464 0
3465 1
3466 2
3467 1
3468 2
3469 0
3470 1
3471 0
3472 1
3473 3
3474 2
3475 0
3476 2
3477 0
3478 2
3479 0
3480 2
3481 3
3482 0
3483 2
3484 0
3485 2
3486 0
3487 1
3488 0
3489 1
3490 0
3491 1
3492 0
3493 1
3494 0
3495 3
3496 0
3497 1
3498 2
3499 1
3500 0
3501 1
3502 2
3503 0
3504 1
3505 0
3506 1
3507 0
3508 1
3509 0
3510 2
3511 1
3512 3
3513 2
3514 1
3515 2
3516 0
3517 1
3518 2
3519 1
3520 0
3521 1
3522 2
3523 0
3524 2
3525 1
3526 0
3527 1
3528 2
3529 0
3530 2
3531 0
3532 1
3533 0
3534 1
3535 2
3536 0
3537 2
3538 1
3539 0
3540 2
3541 0
3542 2
3543 1
3544 0
3545 2
3546 1
3547 0
3548 2
3549 0
3550 1
3551 2
3552 0
3553 1
3554 2
3555 0
3556 1
3557 0
3558 1
3559 0
3560 3
3561 0
3562 1
3563 2
3564 0
3565 1
3566 2
3567 0
3568 1
3569 2
3570 0
3571 1
3572 0
3573 1
3574 0
3575 1
3576 2
3577 0
3578 2
3579 1
3580 0
3581 2
3582 1
3583 0
3584 2
3585 0
3586 1
3587 0
3588 1
3589 0
3590 2
3591 0
3592 1
3593 0
3594 2
3595 1
3596 0
3597 1
3598 0
3599 1
3600 2
3601 3
3602 1
3603 2
3604 1
3605 0
3606 1
3607 2
3608 0
3609 1
3610 0
3611 2
3612 1
3613 2
3614 0
3615 2
3616 3
3617 0
3618 2
3619 1
3620 0
3621 2
3622 1
3623 2
3624 0
3625 2
3626 1
3627 0
3628 1
3629 0
3630 2
3631 0
3632 1
3633 2
3634 0
3635 2
3636 1
3637 0
3638 1
3639 2
3640 1
3641 2
3642 0
3643 2
3644 0
3645 1
3646 0
3647 2
3648 0
3649 2
3650 1
3651 0
3652 2
3653 1
3654 2
3655 1
3656 2
3657 1
3658 0
3659 2
3660 0
3661 1
3662 0
3663 1
3664 0
3665 1
3666 2
3667 0
3668 2
3669 1
3670 2
3671 1
3672 0
3673 2
3674 0
3675 1
3676 0
3677 2
3678 1
3679 0
3680 1
3681 2
3682 0
3683 2
3684 1
3685 0
3686 1
3687 0
3688 1
3689 0
3690 2
3691 1
3692 2
3693 0
3694 1
3695 2
3696 0
3697 1
3698 2
3699 0
3700 1
3701 0
3702 1
3703 2
3704 0
3705 1
3706 0
3707 1
3708 0
3709 1
3710 2
3711 3
3712 0
3713 1
3714 2
3715 0
3716 1
3717 2
3718 1
3719 0
3720 1
3721 0
3722 2
3723 1
3724 0
3725 2
3726 1
3727 0
3728 2
3729 1
3730 0
3731 1
3732 2
3733 1
3734 2
3735 0
3736 2
3737 0
3738 2
3739 0
3740 2
3741 1
3742 0
3743 1
3744 0
3745 1
3746 2
3747 1
3748 2
3749 0
3750 2
3751 1
3752 0
3753 2
3754 1
3755 0
3756 1
3757 2
3758 0
3759 1
3760 0
3761 1
3762 2
3763 0
3764 1
3765 3
3766 0
3767 1
3768 0
3769 1
3770 0
3771 3
3772 2
3773 0
3774 2
3775 0
3776 1
3777 0
3778 1
3779 3
3780 2
3781 1
3782 0
3783 1
3784 0
3785 2
3786 0
3787 1
3788 0
3789 1
3790 0
3791 2
3792 1
3793 0
3794 2
3795 0
3796 2
3797 0
3798 2
3799 1
3800 2
3801 0
3802 2
3803 0
3804 1
3805 2
3806 0
3807 1
3808 3
3809 0
3810 1
3811 0
3812 1
3813 2
3814 1
3815 0
3816 1
3817 0
3818 1
3819 0
3820 2
3821 1
3822 0
3823 2
3824 0
3825 1
3826 0
3827 1
3828 2
3829 0
3830 2
3831 0
3832 3
3833 2
3834 0
3835 1
3836 2
3837 1
3838 0
3839 2
3840 1
3841 0
3842 1
3843 0
3844 1
3845 0
3846 1
3847 2
3848 1
3849 0
3850 1
3851 2
3852 0
3853 2
3854 1
3855 0
3856 1
3857 0
3858 1
3859 0
3860 1
3861 0
3862 1
3863 2
3864 1
3865 0
3866 1
3867 0
3868 1
3869 0
3870 2
3871 0
3872 1
3873 0
3874 1
3875 2
3876 0
3877 1
3878 0
3879 1
3880 2
3881 0
3882 2
3883 1
3884 2
3885 0
3886 2
3887 3
3888 1
3889 2
3890 0
3891 2
3892 1
3893 0
3894 1
3895 0
3896 1
3897 2
3898 1
3899 0
3900 1
3901 0
3902 1
3903 0
3904 1
3905 0
3906 2
3907 1
3908 2
3909 1
3910 2
3911 0
3912 2
3913 0
3914 2
3915 1
3916 2
3917 1
3918 4
3919 2
3920 0
3921 1
3922 0
3923 2
3924 1
3925 2
3926 0
3927 2
3928 3
3929 1
3930 2
3931 1
3932 2
3933 1
3934 0
3935 1
3936 2
3937 0
3938 1
3939 2
3940 1
3941 2
3942 0
3943 1
3944 0
3945 1
3946 2
3947 0
3948 2
3949 0
3950 1
3951 2
3952 0
3953 1
3954 0
3955 1
3956 0
3957 1
3958 2
3959 0
3960 1
3961 2
3962 1
3963 2
3964 0
3965 3
3966 1
3967 2
3968 1
3969 2
3970 0
3971 1
3972 2
3973 3
3974 1
3975 0
3976 2
3977 1
3978 2
3979 0
3980 1
3981 2
3982 0
3983 1
3984 2
3985 1
3986 2
3987 0
3988 2
3989 1
3990 2
3991 0
3992 2
3993 3
3994 1
3995 2
3996 0
3997 2
3998 1
3999 0
4000 2
4001 1
4002 2
4003 3
4004 0
4005 1
4006 0
4007 2
4008 1
4009 0
4010 1
4011 0
4012 1
4013 3
4014 1
4015 0
4016 1
4017 0
4018 3
4019 1
4020 2
4021 3
4022 0
4023 2
4024 1
4025 2
4026 0
4027 1
4028 0
4029 1
4030 0
4031 1
4032 2
4033 1
4034 2
4035 1
4036 0
4037 1
4038 0
4039 1
4040 2
4041 0
4042 1
4043 0
4044 1
4045 2
4046 1
4047 0
4048 1
4049 2
4050 0
4051 1
4052 0
4053 1
4054 2
4055 0
4056 2
4057 1
4058 2
4059 0
4060 2
4061 1
4062 2
4063 1
4064 2
4065 1
4066 0
4067 1
4068 2
4069 1
4070 0
4071 2
4072 1
4073 0
4074 2
4075 1
4076 0
4077 1
4078 0
4079 1
4080 0
4081 3
4082 1
4083 2
4084 3
4085 1
4086 2
4087 0
4088 2
4089 1
4090 2
4091 3
4092 0
4093 2
4094 0
4095 1
4096 0
4097 1
4098 2
4099 0
4100 1
4101 0
4102 1
4103 0
4104 3
4105 1
4106 0
4107 2
4108 1
4109 0
4110 1
4111 2
4112 0
4113 2
4114 1
4115 0
4116 2
4117 0
4118 2
4119 1
4120 0
4121 2
4122 1
4123 0
4124 3
4125 1
4126 0
4127 1
4128 0
4129 2
4130 0
4131 1
4132 2
4133 0
4134 2
4135 0
4136 1
4137 2
4138 0
4139 1
4140 2
4141 0
4142 2
4143 3
4144 0
4145 2
4146 1
4147 0
4148 2
4149 0
4150 1
4151 2
4152 0
4153 2
4154 1
4155 3
4156 0
4157 1
4158 0
4159 1
4160 0
4161 1
4162 0
4163 1
4164 3
4165 0
4166 1
4167 0
4168 2
4169 3
4170 1
4171 0
4172 1
4173 0
4174 1
4175 0
4176 1
4177 2
4178 0
4179 1
4180 3
4181 0
4182 2
4183 1
4184 2
4185 1
4186 0
4187 2
4188 1
4189 0
4190 1
4191 3
4192 0
4193 2
4194 1
4195 0
4196 2
4197 0
4198 2
4199 1
4200 0
4201 1
4202 3
4203 2
4204 3
4205 1
4206 2
4207 0
4208 2
4209 0
4210 1
4211 0
4212 2
4213 1
4214 0
4215 3
4216 0
4217 1
4218 2
4219 0
4220 2
4221 1
4222 0
4223 1
4224 2
4225 0
4226 2
4227 1
4228 2
4229 1
4230 2
4231 0
4232 1
4233 0
4234 1
4235 2
4236 3
4237 1
4238 3
4239 0
4240 2
4241 1
4242 2
4243 1
4244 2
4245 0
4246 2
4247 1
4248 0
4249 1
4250 0
4251 2
4252 0
4253 2
4254 1
4255 2
4256 1
4257 0
4258 2
4259 1
4260 2
4261 1
4262 0
4263 2
4264 3
4265 0
4266 1
4267 0
4268 1
4269 0
4270 2
4271 1
4272 0
4273 2
4274 0
4275 1
4276 0
4277 3
4278 2
4279 1
4280 0
4281 1
4282 2
4283 1
4284 0
4285 1
4286 0
4287 2
4288 1
4289 2
4290 1
4291 2
4292 0
4293 1
4294 2
4295 1
4296 0
4297 1
4298 0
4299 2
4300 1
4301 0
4302 2
4303 1
4304 0
4305 1
4306 2
4307 0
4308 2
4309 1
4310 0
4311 1
4312 3
4313 0
4314 2
4315 1
4316 3
4317 2
4318 3
4319 1
4320 3
4321 2
4322 0
4323 3
4324 0
4325 1
4326 2
4327 1
4328 0
4329 1
4330 2
4331 0
4332 2
4333 1
4334 0
4335 1
4336 0
4337 1
4338 0
4339 1
4340 0
4341 1
4342 0
4343 1
4344 2
4345 0
4346 2
4347 0
4348 1
4349 0
4350 1
4351 0
4352 1
4353 0
4354 1
4355 2
4356 0
4357 2
4358 1
4359 0
4360 1
4361 2
4362 1
4363 0
4364 2
4365 1
4366 0
4367 1
4368 0
4369 2
4370 1
4371 2
4372 0
4373 3
4374 1
4375 0
4376 1
4377 2
4378 1
4379 0
4380 1
4381 0
4382 1
4383 0
4384 1
4385 0
4386 2
4387 0
4388 2
4389 1
4390 2
4391 3
4392 0
4393 1
4394 0
4395 1
4396 2
4397 1
4398 0
4399 2
4400 0
4401 1
4402 0
4403 1
4404 2
4405 0
4406 1
4407 0
4408 2
4409 1
4410 0
4411 2
4412 1
4413 0
4414 2
4415 0
4416 3
4417 1
4418 0
4419 2
4420 0
4421 1
4422 2
4423 3
4424 0
4425 1
4426 0
4427 1
4428 0
4429 2
4430 1
4431 0
4432 3
4433 0
4434 2
4435 1
4436 0
4437 1
4438 0
4439 1
4440 0
4441 2
4442 1
4443 0
4444 2
4445 1
4446 0
4447 1
4448 2
4449 0
4450 1
4451 2
4452 0
4453 2
4454 1
4455 2
4456 0
4457 1
4458 0
4459 1
4460 0
4461 1
4462 0
4463 2
4464 0
4465 2
4466 0
4467 1
4468 0
4469 1
4470 2
4471 3
4472 1
4473 0
4474 1
4475 0
4476 2
4477 1
4478 2
4479 1
4480 2
4481 1
4482 2
4483 0
4484 1
4485 2
4486 1
4487 2
4488 1
4489 2
4490 0
4491 1
4492 0
4493 2
4494 1
4495 2
4496 0
4497 2
4498 0
4499 1
4500 2
4501 1
4502 0
4503 1
4504 2
4505 3
4506 0
4507 1
4508 0
4509 1
4510 3
4511 2
4512 0
4513 2
4514 1
4515 2
4516 1
4517 2
4518 0
4519 2
4520 3
4521 0
4522 1
4523 2
4524 1
4525 0
4526 1
4527 2
4528 3
4529 0
4530 2
4531 3
4532 1
4533 2
4534 1
4535 2
4536 1
4537 0
4538 1
4539 2
4540 1
4541 0
4542 2
4543 1
4544 0
4545 2
4546 1
4547 0
4548 2
4549 0
4550 1
4551 0
4552 2
4553 1
4554 3
4555 2
4556 1
4557 3
4558 0
4559 1
4560 2
4561 1
4562 0
4563 1
4564 0
4565 1
4566 2
4567 0
4568 3
4569 2
4570 0
4571 2
4572 0
4573 2
4574 1
4575 2
4576 0
4577 2
4578 1
4579 0
4580 1
4581 0
4582 1
4583 0
4584 3
4585 1
4586 0
4587 2
4588 0
4589 1
4590 0
4591 1
4592 0
4593 1
4594 2
4595 0
4596 2
4597 1
4598 2
4599 0
4600 2
4601 1
4602 2
4603 0
4604 2
4605 1
4606 3
4607 2
4608 1
4609 2
4610 1
4611 2
4612 3
4613 1
4614 0
4615 2
4616 0
4617 1
4618 0
4619 2
4620 0
4621 2
4622 1
4623 0
4624 1
4625 2
4626 0
4627 2
4628 3
4629 1
4630 2
4631 1
4632 2
4633 0
4634 3
4635 0
4636 1
4637 0
4638 1
4639 0
4640 1
4641 0
4642 2
4643 1
4644 3
4645 1
4646 0
4647 1
4648 0
4649 2
4650 1
4651 0
4652 1
4653 2
4654 0
4655 2
4656 1
4657 0
4658 1
4659 0
4660 2
4661 3
4662 1
4663 2
4664 3
4665 1
4666 3
4667 2
4668 0
4669 1
4670 0
4671 2
4672 1
4673 2
4674 0
4675 2
4676 1
4677 0
4678 1
4679 0
4680 1
4681 0
4682 1
4683 2
4684 0
4685 2
4686 1
4687 0
4688 2
4689 0
4690 2
4691 1
4692 0
4693 1
4694 2
4695 0
4696 1
4697 0
4698 1
4699 2
4700 0
4701 1
4702 2
4703 0
4704 1
4705 2
4706 0
4707 2
4708 1
4709 0
4710 2
4711 3
4712 0
4713 1
4714 0
4715 1
4716 2
4717 1
4718 0
4719 2
4720 1
4721 0
4722 1
4723 0
4724 2
4725 0
4726 1
4727 0
4728 1
4729 0
4730 1
4731 0
4732 2
4733 1
4734 2
4735 1
4736 2
4737 1
4738 0
4739 2
4740 1
4741 2
4742 3
4743 1
4744 3
4745 2
4746 1
4747 0
4748 1
4749 0
4750 1
4751 0
4752 2
4753 1
4754 2
4755 1
4756 2
4757 0
4758 1
4759 0
4760 2
4761 1
4762 0
4763 2
4764 0
4765 1
4766 0
4767 1
4768 3
4769 0
4770 1
4771 2
4772 0
4773 1
4774 2
4775 0
4776 2
4777 0
4778 1
4779 2
4780 1
4781 0
4782 1
4783 0
4784 1
4785 0
4786 2
4787 1
4788 0
4789 1
4790 0
4791 1
4792 2
4793 0
4794 1
4795 2
4796 1
4797 0
4798 2
4799 1
4800 2
4801 0
4802 1
4803 2
4804 0
4805 2
4806 0
4807 2
4808 1
4809 2
4810 0
4811 1
4812 2
4813 0
4814 1
4815 2
4816 3
4817 0
4818 2
4819 3
4820 2
4821 1
4822 0
4823 1
4824 2
4825 0
4826 2
4827 1
4828 2
4829 1
4830 0
4831 1
4832 2
4833 1
4834 0
4835 1
4836 2
4837 0
4838 1
4839 0
4840 2
4841 0
4842 1
4843 0
4844 1
4845 0
4846 2
4847 0
4848 2
4849 0
4850 1
4851 2
4852 4
4853 3
4854 1
4855 0
4856 2
4857 1
4858 0
4859 1
4860 2
4861 1
4862 2
4863 0
4864 1
4865 0
4866 3
4867 1
4868 0
4869 2
4870 0
4871 2
4872 0
4873 2
4874 1
4875 2
4876 1
4877 0
4878 1
4879 0
4880 2
4881 1
4882 0
4883 1
4884 0
4885 1
4886 2
4887 1
4888 0
4889 2
4890 0
4891 1
4892 0
4893 1
4894 0
4895 1
4896 2
4897 0
4898 1
4899 0
4900 2
4901 3
4902 0
4903 1
4904 0
4905 1
4906 2
4907 0
4908 1
4909 2
4910 3
4911 0
4912 2
4913 1
4914 2
4915 0
4916 2
4917 0
4918 1
4919 0
4920 1
4921 0
4922 2
4923 1
4924 0
4925 1
4926 2
4927 1
4928 0
4929 1
4930 0
4931 2
4932 1
4933 0
4934 1
4935 2
4936 1
4937 0
4938 2
4939 1
4940 0
4941 1
4942 2
4943 1
4944 0
4945 2
4946 1
4947 0
4948 1
4949 0
4950 1
4951 0
4952 1
4953 0
4954 1
4955 2
4956 0
4957 1
4958 0
4959 1
4960 0
4961 1
4962 0
4963 2
4964 1
4965 2
4966 1
4967 3
4968 2
4969 0
4970 1
4971 2
4972 3
4973 2
4974 1
4975 0
4976 2
4977 1
4978 0
4979 1
4980 2
4981 0
4982 1
4983 0
4984 1
4985 0
4986 3
4987 1
4988 0
4989 1
4990 2
4991 1
4992 2
4993 1
4994 2
4995 1
4996 0
4997 3
4998 1
4999 2
5000 0
5001 2
5002 0
5003 1
5004 0
5005 1
5006 2
5007 0
5008 1
5009 2
5010 0
5011 1
5012 0
5013 1
5014 0
5015 2
5016 3
5017 0
5018 1
5019 2
5020 0
5021 2
5022 0
5023 1
5024 2
5025 1
5026 0
5027 1
5028 0
5029 2
5030 1
5031 0
5032 1
5033 0
5034 2
5035 0
5036 1
5037 0
5038 1
5039 0
5040 2
5041 0
5042 1
5043 0
5044 2
5045 0
5046 1
5047 0
5048 2
5049 0
5050 1
5051 2
5052 1
5053 0
5054 1
5055 0
5056 3
5057 0
5058 1
5059 2
5060 0
5061 1
5062 2
5063 1
5064 0
5065 2
5066 1
5067 0
5068 1
5069 0
5070 2
5071 0
5072 1
5073 3
5074 2
5075 3
5076 1
5077 2
5078 3
5079 1
5080 2
5081 0
5082 1
5083 2
5084 0
5085 1
5086 0
5087 3
5088 2
5089 1
5090 0
5091 2
5092 1
5093 0
5094 2
5095 1
5096 0
5097 2
5098 0
5099 1
5100 2
5101 0
5102 1
5103 2
5104 0
5105 2
5106 0
5107 1
5108 2
5109 0
5110 2
5111 1
5112 3
5113 2
5114 3
5115 0
5116 3
5117 0
5118 1
5119 3
5120 2
5121 1
5122 0
5123 2
5124 1
5125 0
5126 1
5127 2
5128 0
5129 1
5130 2
5131 0
5132 1
5133 0
5134 1
5135 0
5136 1
5137 2
5138 1
5139 3
5140 0
5141 1
5142 0
5143 2
5144 1
5145 2
5146 3
5147 1
5148 2
5149 1
5150 0
5151 1
5152 0
5153 1
5154 0
5155 1
5156 0
5157 3
5158 0
5159 2
5160 0
5161 1
5162 2
5163 1
5164 2
5165 0
5166 2
5167 1
5168 0
5169 1
5170 2
5171 3
5172 0
5173 1
5174 3
5175 1
5176 0
5177 2
5178 1
5179 0
5180 1
5181 2
5182 1
5183 2
5184 0
5185 2
5186 0
5187 1
5188 2
5189 0
5190 1
5191 2
5192 1
5193 0
5194 2
5195 1
5196 0
5197 1
5198 0
5199 1
5200 0
5201 2
5202 3
5203 0
5204 2
5205 1
5206 0
5207 1
5208 0
5209 1
5210 2
5211 1
5212 2
5213 0
5214 1
5215 0
5216 1
5217 0
5218 1
5219 2
5220 0
5221 1
5222 0
5223 2
5224 0
5225 2
5226 0
5227 2
5228 0
5229 1
5230 0
5231 2
5232 0
5233 1
5234 0
5235 3
5236 1
5237 0
5238 3
5239 2
5240 0
5241 1
5242 0
5243 2
5244 1
5245 0
5246 2
5247 1
5248 0
5249 2
5250 0
5251 1
5252 0
5253 1
5254 3
5255 2
5256 0
5257 2
5258 1
5259 0
5260 1
5261 0
5262 1
5263 0
5264 2
5265 1
5266 0
5267 2
5268 0
5269 2
5270 1
5271 2
5272 0
5273 2
5274 0
5275 2
5276 1
5277 0
5278 2
5279 1
5280 2
5281 0
5282 1
5283 2
5284 1
5285 2
5286 0
5287 2
5288 1
5289 0
5290 2
5291 3
5292 0
5293 1
5294 0
5295 2
5296 1
5297 0
5298 1
5299 2
5300 0
5301 3
5302 2
5303 1
5304 0
5305 1
5306 2
5307 3
5308 0
5309 2
5310 0
5311 2
5312 1
5313 0
5314 2
5315 0
5316 2
5317 1
5318 2
5319 0
5320 1
5321 0
5322 1
5323 0
5324 2
5325 0
5326 3
5327 2
5328 1
5329 0
5330 2
5331 1
5332 0
5333 2
5334 1
5335 2
5336 0
5337 2
5338 0
5339 2
5340 0
5341 1
5342 0
5343 1
5344 0
5345 2
5346 0
5347 2
5348 1
5349 0
5350 1
5351 0
5352 1
5353 0
5354 1
5355 2
5356 1
5357 0
5358 2
5359 0
5360 1
5361 0
5362 1
5363 2
5364 1
5365 2
5366 0
5367 1
5368 2
5369 1
5370 0
5371 1
5372 0
5373 1
5374 0
5375 1
5376 0
5377 1
5378 2
5379 1
5380 3
5381 0
5382 1
5383 0
5384 1
5385 0
5386 2
5387 1
5388 2
5389 1
5390 0
5391 2
5392 0
5393 1
5394 0
5395 2
5396 1
5397 0
5398 2
5399 3
5400 1
5401 0
5402 1
5403 2
5404 1
5405 0
5406 2
5407 0
5408 2
5409 1
5410 2
5411 0
5412 1
5413 0
5414 1
5415 0
5416 1
5417 3
5418 0
5419 2
5420 0
5421 1
5422 2
5423 1
5424 2
5425 0
5426 2
5427 1
5428 0
5429 3
5430 1
5431 2
5432 0
5433 2
5434 1
5435 0
5436 1
5437 0
5438 2
5439 1
5440 2
5441 1
5442 2
5443 1
5444 0
5445 1
5446 0
5447 1
5448 3
5449 0
5450 1
5451 0
5452 1
5453 0
5454 1
5455 2
5456 0
5457 2
5458 0
5459 1
5460 0
5461 1
5462 2
5463 3
5464 1
5465 2
5466 3
5467 1
5468 0
5469 1
5470 0
5471 1
5472 0
5473 2
5474 1
5475 0
5476 2
5477 1
5478 0
5479 1
5480 0
5481 1
5482 0
5483 2
5484 0
5485 1
5486 2
5487 0
5488 1
5489 0
5490 2
5491 0
5492 1
5493 0
5494 1
5495 2
5496 0
5497 1
5498 0
5499 2
5500 0
5501 2
5502 3
5503 0
5504 1
5505 0
5506 1
5507 0
5508 1
5509 0
5510 1
5511 0
5512 3
5513 1
5514 0
5515 2
5516 1
5517 2
5518 3
5519 1
5520 0
5521 1
5522 0
5523 1
5524 2
5525 0
5526 2
5527 0
5528 2
5529 1
5530 0
5531 1
5532 2
5533 0
5534 2
5535 1
5536 0
5537 1
5538 2
5539 3
5540 0
5541 3
5542 1
5543 3
5544 2
5545 0
5546 1
5547 2
5548 0
5549 2
5550 1
5551 0
5552 1
5553 2
5554 0
5555 1
5556 2
5557 3
5558 0
5559 1
5560 0
5561 2
5562 1
5563 0
5564 1
5565 0
5566 1
5567 0
5568 1
5569 0
5570 1
5571 0
5572 2
5573 1
5574 2
5575 0
5576 2
5577 1
5578 3
5579 1
5580 0
5581 2
5582 1
5583 2
5584 0
5585 1
5586 0
5587 2
5588 1
5589 2
5590 1
5591 2
5592 0
5593 1
5594 0
5595 1
5596 0
5597 2
5598 1
5599 0
5600 1
5601 0
5602 2
5603 1
5604 2
5605 0
5606 1
5607 2
5608 0
5609 1
5610 0
5611 1
5612 2
5613 0
5614 1
5615 2
5616 0
5617 1
5618 0
5619 2
5620 1
5621 0
5622 1
5623 0
5624 1
5625 3
5626 2
5627 1
5628 2
5629 0
5630 1
5631 0
5632 1
5633 0
5634 2
5635 1
5636 0
5637 2
5638 1
5639 0
5640 2
5641 1
5642 2
5643 1
5644 2
5645 3
5646 1
5647 2
5648 1
5649 0
5650 2
5651 0
5652 2
5653 0
5654 2
5655 0
5656 1
5657 0
5658 2
5659 1
5660 0
5661 1
5662 2
5663 0
5664 1
5665 0
5666 1
5667 0
5668 1
5669 0
5670 1
5671 0
5672 2
5673 3
5674 1
5675 0
5676 1
5677 0
5678 1
5679 2
5680 0
5681 2
5682 1
5683 3
5684 2
5685 0
5686 1
5687 2
5688 0
5689 1
5690 0
5691 2
5692 0
5693 1
5694 2
5695 0
5696 1
5697 0
5698 1
5699 0
5700 1
5701 2
5702 0
5703 2
5704 1
5705 0
5706 2
5707 0
5708 1
5709 2
5710 0
5711 1
5712 0
5713 1
5714 0
5715 1
5716 2
5717 3
5718 0
5719 1
5720 2
5721 0
5722 1
5723 0
5724 1
5725 0
5726 1
5727 0
5728 1
5729 0
5730 1
5731 0
5732 1
5733 0
5734 1
5735 0
5736 2
5737 1
5738 2
5739 1
5740 0
5741 3
5742 1
5743 2
5744 1
5745 0
5746 2
5747 0
5748 2
5749 1
5750 2
5751 1
5752 2
5753 1
5754 0
5755 1
5756 0
5757 1
5758 0
5759 2
5760 1
5761 2
5762 0
5763 1
5764 0
5765 1
5766 2
5767 1
5768 0
5769 2
5770 0
5771 1
5772 2
5773 0
5774 1
5775 0
5776 2
5777 0
5778 2
5779 1
5780 0
5781 1
5782 2
5783 0
5784 1
5785 0
5786 1
5787 0
5788 1
5789 2
5790 0
5791 2
5792 1
5793 2
5794 1
5795 2
5796 0
5797 1
5798 2
5799 1
5800 2
5801 0
5802 2
5803 3
5804 1
5805 2
5806 0
5807 1
5808 2
5809 0
5810 1
5811 2
5812 0
5813 1
5814 2
5815 0
5816 2
5817 1
5818 0
5819 1
5820 0
5821 1
5822 0
5823 1
5824 2
5825 0
5826 2
5827 0
5828 1
5829 0
5830 2
5831 1
5832 2
5833 0
5834 1
5835 2
5836 0
5837 2
5838 1
5839 2
5840 1
5841 0
5842 1
5843 0
5844 2
5845 0
5846 1
5847 2
5848 0
5849 1
5850 0
5851 1
5852 0
5853 1
5854 0
5855 1
5856 0
5857 1
5858 0
5859 2
5860 1
5861 0
5862 2
5863 0
5864 2
5865 3
5866 2
5867 0
5868 1
5869 2
5870 1
5871 2
5872 1
5873 0
5874 2
5875 3
5876 0
5877 2
5878 1
5879 0
5880 1
5881 2
5882 1
5883 2
5884 0
5885 1
5886 2
5887 0
5888 3
5889 2
5890 1
5891 2
5892 0
5893 2
5894 3
5895 0
5896 1
5897 2
5898 0
5899 1
5900 2
5901 1
5902 0
5903 2
5904 0
5905 1
5906 2
5907 1
5908 0
5909 1
5910 2
5911 1
5912 2
5913 1
5914 3
5915 0
5916 3
5917 1
5918 0
5919 1
5920 0
5921 2
5922 1
5923 2
5924 0
5925 2
5926 3
5927 2
5928 1
5929 0
5930 2
5931 1
5932 2
5933 0
5934 1
5935 2
5936 1
5937 2
5938 3
5939 0
5940 2
5941 1
5942 2
5943 0
5944 1
5945 2
5946 1
5947 0
5948 2
5949 1
5950 3
5951 1
5952 2
5953 0
5954 2
5955 0
5956 1
5957 2
5958 0
5959 2
5960 3
5961 0
5962 1
5963 2
5964 1
5965 2
5966 0
5967 2
5968 1
5969 2
5970 0
5971 1
5972 0
5973 1
5974 0
5975 1
5976 2
5977 0
5978 1
5979 3
5980 0
5981 1
5982 2
5983 0
5984 1
5985 2
5986 1
5987 2
5988 0
5989 1
5990 0
5991 1
5992 2
5993 0
5994 2
5995 0
5996 1
5997 0
5998 1
5999 0
6000 1
6001 0
6002 2
6003 0
6004 2
6005 0
6006 1
6007 2
6008 1
6009 2
6010 1
6011 0
6012 2
6013 1
6014 3
6015 1
6016 0
6017 1
6018 0
6019 2
6020 1
6021 2
6022 0
6023 2
6024 1
6025 3
6026 2
6027 3
6028 1
6029 2
6030 0
6031 1
6032 2
6033 1
6034 0
6035 2
6036 1
6037 0
6038 1
6039 3
6040 2
6041 1
6042 3
6043 2
6044 0
6045 2
6046 1
6047 2
6048 0
6049 1
6050 0
6051 1
6052 2
6053 0
6054 1
6055 0
6056 1
6057 0
6058 1
6059 0
6060 1
6061 2
6062 1
6063 3
6064 0
6065 1
6066 0
6067 1
6068 0
6069 1
6070 2
6071 0
6072 1
6073 2
6074 1
6075 0
6076 2
6077 0
6078 2
6079 1
6080 0
6081 1
6082 0
6083 1
6084 2
6085 0
6086 2
6087 1
6088 2
6089 1
6090 2
6091 1
6092 0
6093 1
6094 2
6095 0
6096 2
6097 3
6098 1
6099 2
6100 0
6101 2
6102 1
6103 0
6104 1
6105 2
6106 1
6107 2
6108 1
6109 2
6110 0
6111 1
6112 2
6113 0
6114 2
6115 0
6116 1
6117 2
6118 1
6119 0
6120 1
6121 2
6122 1
6123 2
6124 3
6125 0
6126 1
6127 0
6128 2
6129 0
6130 1
6131 2
6132 1
6133 0
6134 1
6135 2
6136 1
6137 3
6138 0
6139 1
6140 0
6141 2
6142 1
6143 0
6144 2
6145 1
6146 2
6147 0
6148 1
6149 2
6150 3
6151 1
6152 0
6153 2
6154 1
6155 2
6156 0
6157 1
6158 0
6159 2
6160 1
6161 0
6162 2
6163 0
6164 1
6165 2
6166 0
6167 1
6168 0
6169 2
6170 1
6171 0
6172 3
6173 2
6174 0
6175 1
6176 2
6177 1
6178 2
6179 0
6180 1
6181 0
6182 2
6183 0
6184 2
6185 1
6186 2
6187 0
6188 1
6189 0
6190 3
6191 2
6192 1
6193 2
6194 0
6195 1
6196 0
6197 1
6198 0
6199 1
6200 0
6201 2
6202 1
6203 0
6204 1
6205 0
6206 1
6207 2
6208 1
6209 2
6210 0
6211 1
6212 0
6213 1
6214 2
6215 0
6216 1
6217 0
6218 2
6219 1
6220 0
6221 1
6222 0
6223 2
6224 1
6225 2
6226 0
6227 2
6228 0
6229 1
6230 0
6231 2
6232 0
6233 1
6234 0
6235 2
6236 1
6237 0
6238 1
6239 0
6240 1
6241 0
6242 1
6243 2
6244 1
6245 0
6246 2
6247 1
6248 0
6249 3
6250 1
6251 0
6252 2
6253 0
6254 1
6255 0
6256 2
6257 1
6258 2
6259 0
6260 1
6261 2
6262 1
6263 2
6264 3
6265 1
6266 0
6267 1
6268 0
6269 1
6270 2
6271 1
6272 2
6273 0
6274 1
6275 0
6276 1
6277 2
6278 1
6279 2
6280 0
6281 2
6282 0
6283 2
6284 1
6285 0
6286 1
6287 0
6288 1
6289 2
6290 1
6291 0
6292 1
6293 3
6294 0
6295 1
6296 0
6297 1
6298 2
6299 3
6300 1
6301 2
6302 0
6303 2
6304 0
6305 1
6306 0
6307 1
6308 2
6309 0
6310 1
6311 0
6312 2
6313 1
6314 3
6315 0
6316 2
6317 1
6318 2
6319 0
6320 2
6321 3
6322 1
6323 0
6324 1
6325 2
6326 0
6327 1
6328 2
6329 1
6330 0
6331 2
6332 1
6333 2
6334 3
6335 1
6336 0
6337 2
6338 0
6339 2
6340 0
6341 2
6342 1
6343 2
6344 1
6345 2
6346 0
6347 1
6348 0
6349 1
6350 0
6351 1
6352 0
6353 1
6354 2
6355 0
6356 1
6357 0
6358 1
6359 0
6360 2
6361 1
6362 0
6363 2
6364 1
6365 2
6366 0
6367 1
6368 0
6369 1
6370 0
6371 1
6372 2
6373 1
6374 2
6375 0
6376 2
6377 1
6378 0
6379 1
6380 3
6381 0
6382 1
6383 2
6384 1
6385 2
6386 0
6387 1
6388 0
6389 1
6390 0
6391 1
6392 0
6393 1
6394 2
6395 0
6396 1
6397 2
6398 0
6399 2
6400 0
6401 2
6402 1
6403 0
6404 1
6405 0
6406 1
6407 0
6408 1
6409 0
6410 1
6411 0
6412 3
6413 1
6414 0
6415 3
6416 2
6417 1
6418 2
6419 1
6420 0
6421 2
6422 1
6423 0
6424 2
6425 0
6426 1
6427 3
6428 1
6429 2
6430 3
6431 0
6432 1
6433 0
6434 1
6435 0
6436 1
6437 2
6438 1
6439 2
6440 0
6441 1
6442 0
6443 1
6444 2
6445 1
6446 2
6447 1
6448 0
6449 2
6450 3
6451 0
6452 1
6453 0
6454 1
6455 2
6456 3
6457 1
6458 0
6459 2
6460 0
6461 1
6462 0
6463 1
6464 0
6465 1
6466 0
6467 2
6468 1
6469 0
6470 1
6471 0
6472 1
6473 2
6474 0
6475 2
6476 1
6477 3
6478 0
6479 1
6480 0
6481 1
6482 2
6483 1
6484 0
6485 2
6486 1
6487 0
6488 1
6489 0
6490 1
6491 2
6492 3
6493 0
6494 2
6495 3
6496 0
6497 2
6498 1
6499 0
6500 1
6501 0
6502 1
6503 2
6504 0
6505 1
6506 0
6507 1
6508 0
6509 2
6510 0
6511 2
6512 1
6513 2
6514 0
6515 2
6516 1
6517 0
6518 2
6519 1
6520 0
6521 2
6522 1
6523 0
6524 2
6525 0
6526 1
6527 0
6528 1
6529 0
6530 1
6531 0
6532 2
6533 0
6534 2
6535 0
6536 3
6537 2
6538 0
6539 1
6540 0
6541 1
6542 0
6543 2
6544 1
6545 2
6546 0
6547 1
6548 0
6549 1
6550 0
6551 1
6552 2
6553 0
6554 2
6555 0
6556 1
6557 0
6558 2
6559 0
6560 1
6561 0
6562 2
6563 1
6564 0
6565 1
6566 0
6567 1
6568 2
6569 0
6570 2
6571 0
6572 2
6573 1
6574 0
6575 1
6576 2
6577 1
6578 0
6579 1
6580 0
6581 1
6582 2
6583 0
6584 1
6585 0
6586 1
6587 0
6588 2
6589 1
6590 0
6591 1
6592 2
6593 0
6594 1
6595 0
6596 1
6597 2
6598 0
6599 1
6600 2
6601 3
6602 0
6603 1
6604 2
6605 0
6606 1
6607 2
6608 0
6609 1
6610 2
6611 3
6612 1
6613 0
6614 1
6615 0
6616 1
6617 2
6618 0
6619 1
6620 2
6621 0
6622 3
6623 2
6624 0
6625 2
6626 1
6627 2
6628 3
6629 0
6630 2
6631 1
6632 2
6633 0
6634 2
6635 0
6636 1
6637 0
6638 1
6639 2
6640 0
6641 1
6642 0
6643 1
6644 2
6645 1
6646 0
6647 1
6648 0
6649 1
6650 2
6651 3
6652 1
6653 2
6654 3
6655 1
6656 0
6657 3
6658 2
6659 1
6660 2
6661 1
6662 0
6663 1
6664 0
6665 1
6666 2
6667 1
6668 0
6669 2
6670 0
6671 1
6672 2
6673 1
6674 0
6675 2
6676 1
6677 2
6678 1
6679 2
6680 1
6681 2
6682 1
6683 0
6684 2
6685 0
6686 2
6687 0
6688 1
6689 0
6690 1
6691 2
6692 0
6693 1
6694 2
6695 0
6696 1
6697 2
6698 0
6699 1
6700 0
6701 1
6702 2
6703 1
6704 0
6705 1
6706 0
6707 2
6708 0
6709 1
6710 3
6711 2
6712 1
6713 2
6714 0
6715 2
6716 1
6717 0
6718 2
6719 1
6720 2
6721 0
6722 2
6723 0
6724 2
6725 0
6726 1
6727 0
6728 1
6729 3
6730 1
6731 0
6732 1
6733 2
6734 1
6735 0
6736 1
6737 2
6738 0
6739 2
6740 3
6741 1
6742 2
6743 1
6744 2
6745 1
6746 0
6747 1
6748 3
6749 0
6750 2
6751 1
6752 0
6753 1
6754 0
6755 1
6756 2
6757 1
6758 2
6759 0
6760 2
6761 0
6762 1
6763 0
6764 2
6765 1
6766 2
6767 0
6768 1
6769 0
6770 2
6771 1
6772 2
6773 3
6774 1
6775 2
6776 0
6777 1
6778 0
6779 1
6780 0
6781 2
6782 1
6783 3
6784 0
6785 2
6786 1
6787 0
6788 2
6789 1
6790 0
6791 1
6792 2
6793 0
6794 2
6795 1
6796 0
6797 1
6798 2
6799 0
6800 1
6801 2
6802 1
6803 2
6804 3
6805 1
6806 0
6807 1
6808 2
6809 0
6810 1
6811 0
6812 2
6813 1
6814 0
6815 2
6816 1
6817 2
6818 0
6819 1
6820 0
6821 1
6822 2
6823 3
6824 1
6825 0
6826 1
6827 2
6828 0
6829 1
6830 3
6831 0
6832 2
6833 0
6834 1
6835 2
6836 1
6837 3
6838 0
6839 1
6840 0
6841 1
6842 0
6843 2
6844 0
6845 1
6846 2
6847 0
6848 1
6849 0
6850 2
6851 0
6852 1
6853 0
6854 2
6855 3
6856 1
6857 0
6858 2
6859 1
6860 0
6861 2
6862 1
6863 0
6864 1
6865 0
6866 1
6867 0
6868 2
6869 0
6870 1
6871 2
6872 3
6873 0
6874 1
6875 0
6876 1
6877 2
6878 1
6879 0
6880 1
6881 2
6882 3
6883 1
6884 0
6885 2
6886 0
6887 2
6888 0
6889 1
6890 0
6891 2
6892 1
6893 2
6894 1
6895 0
6896 1
6897 0
6898 2
6899 0
6900 1
6901 2
6902 3
6903 1
6904 0
6905 1
6906 0
6907 2
6908 1
6909 0
6910 1
6911 2
6912 0
6913 1
6914 0
6915 1
6916 2
6917 1
6918 2
6919 0
6920 1
6921 0
6922 2
6923 0
6924 1
6925 0
6926 1
6927 2
6928 3
6929 2
6930 1
6931 3
6932 2
6933 0
6934 1
6935 0
6936 1
6937 2
6938 0
6939 1
6940 0
6941 3
6942 1
6943 2
6944 0
6945 2
6946 1
6947 0
6948 1
6949 2
6950 3
6951 1
6952 0
6953 2
6954 1
6955 0
6956 2
6957 1
6958 0
6959 1
6960 0
6961 1
6962 2
6963 0
6964 1
6965 2
6966 3
6967 1
6968 2
6969 0
6970 3
6971 1
6972 0
6973 1
6974 2
6975 3
6976 1
6977 2
6978 1
6979 0
6980 1
6981 2
6982 0
6983 2
6984 1
6985 0
6986 1
6987 2
6988 0
6989 1
6990 0
6991 1
6992 2
6993 1
6994 2
6995 0
6996 1
6997 2
6998 0
6999 2
7000 0
7001 2
7002 0
7003 2
7004 1
7005 0
7006 1
7007 2
7008 1
7009 2
7010 1
7011 0
7012 1
7013 0
7014 1
7015 2
7016 0
7017 2
7018 0
7019 1
7020 0
7021 1
7022 3
7023 0
7024 1
7025 2
7026 0
7027 1
7028 0
7029 1
7030 2
7031 0
7032 1
7033 2
7034 0
7035 2
7036 1
7037 0
7038 2
7039 0
7040 1
7041 0
7042 1
7043 3
7044 1
7045 2
7046 0
7047 1
7048 0
7049 2
7050 1
7051 0
7052 2
7053 0
7054 2
7055 1
7056 0
7057 2
7058 1
7059 0
7060 1
7061 0
7062 1
7063 0
7064 2
7065 1
7066 0
7067 2
7068 3
7069 2
7070 1
7071 2
7072 0
7073 2
7074 1
7075 2
7076 0
7077 1
7078 2
7079 1
7080 3
7081 2
7082 0
7083 1
7084 2
7085 0
7086 2
7087 1
7088 0
7089 1
7090 2
7091 1
7092 0
7093 2
7094 1
7095 2
7096 1
7097 2
7098 1
7099 0
7100 2
7101 1
7102 0
7103 1
7104 2
7105 0
7106 2
7107 0
7108 2
7109 3
7110 1
7111 0
7112 1
7113 0
7114 1
7115 0
7116 1
7117 2
7118 3
7119 0
7120 1
7121 0
7122 3
7123 2
7124 0
7125 2
7126 1
7127 3
7128 1
7129 2
7130 0
7131 1
7132 2
7133 0
7134 1
7135 0
7136 2
7137 1
7138 0
7139 2
7140 0
7141 1
7142 2
7143 0
7144 1
7145 2
7146 0
7147 2
7148 1
7149 0
7150 1
7151 3
7152 1
7153 2
7154 0
7155 1
7156 2
7157 0
7158 1
7159 2
7160 3
7161 1
7162 0
7163 1
7164 0
7165 2
7166 1
7167 0
7168 1
7169 0
7170 1
7171 0
7172 2
7173 0
7174 4
7175 3
7176 1
7177 0
7178 2
7179 1
7180 0
7181 1
7182 3
7183 2
7184 3
7185 0
7186 2
7187 0
7188 1
7189 0
7190 1
7191 0
7192 1
7193 2
7194 0
7195 1
7196 2
7197 1
7198 0
7199 2
7200 3
7201 2
7202 1
7203 2
7204 1
7205 0
7206 2
7207 0
7208 2
7209 1
7210 0
7211 1
7212 0
7213 2
7214 1
7215 0
7216 2
7217 1
7218 2
7219 0
7220 2
7221 1
7222 2
7223 1
7224 3
7225 2
7226 1
7227 0
7228 2
7229 0
7230 1
7231 2
7232 0
7233 2
7234 0
7235 1
7236 2
7237 0
7238 2
7239 0
7240 1
7241 0
7242 2
7243 1
7244 0
7245 2
7246 1
7247 2
7248 0
7249 2
7250 1
7251 2
7252 0
7253 2
7254 1
7255 0
7256 2
7257 1
7258 3
7259 1
7260 2
7261 0
7262 1
7263 0
7264 2
7265 1
7266 0
7267 1
7268 0
7269 1
7270 3
7271 2
7272 0
7273 1
7274 2
7275 1
7276 0
7277 2
7278 1
7279 2
7280 1
7281 0
7282 2
7283 1
7284 0
7285 1
7286 0
7287 2
7288 0
7289 2
7290 1
7291 2
7292 3
7293 0
7294 1
7295 0
7296 2
7297 1
7298 2
7299 1
7300 0
7301 1
7302 0
7303 1
7304 2
7305 0
7306 1
7307 2
7308 1
7309 0
7310 2
7311 0
7312 2
7313 0
7314 1
7315 0
7316 2
7317 1
7318 2
7319 1
7320 2
7321 1
7322 0
7323 2
7324 0
7325 1
7326 0
7327 1
7328 0
7329 1
7330 0
7331 1
7332 0
7333 1
7334 2
7335 0
7336 3
7337 0
7338 1
7339 0
7340 1
7341 3
7342 0
7343 2
7344 1
7345 2
7346 0
7347 1
7348 2
7349 1
7350 2
7351 0
7352 1
7353 0
7354 2
7355 3
7356 2
7357 0
7358 1
7359 0
7360 1
7361 2
7362 0
7363 1
7364 2
7365 0
7366 2
7367 1
7368 0
7369 1
7370 2
7371 1
7372 2
7373 1
7374 2
7375 1
7376 0
7377 1
7378 2
7379 3
7380 0
7381 2
7382 0
7383 3
7384 2
7385 1
7386 0
7387 1
7388 3
7389 2
7390 1
7391 2
7392 0
7393 1
7394 2
7395 1
7396 2
7397 1
7398 3
7399 2
7400 1
7401 2
7402 0
7403 1
7404 0
7405 2
7406 1
7407 2
7408 3
7409 1
7410 0
7411 3
7412 2
7413 1
7414 0
7415 2
7416 0
7417 2
7418 0
7419 1
7420 2
7421 1
7422 2
7423 1
7424 0
7425 3
7426 2
7427 1
7428 2
7429 0
7430 3
7431 0
7432 2
7433 0
7434 1
7435 2
7436 0
7437 1
7438 0
7439 1
7440 2
7441 3
7442 1
7443 2
7444 0
7445 2
7446 0
7447 3
7448 2
7449 1
7450 2
7451 1
7452 2
7453 1
7454 2
7455 3
7456 0
7457 1
7458 2
7459 0
7460 2
7461 0
7462 1
7463 2
7464 0
7465 2
7466 0
7467 1
7468 3
7469 0
7470 3
7471 2
7472 1
7473 0
7474 2
7475 1
7476 0
7477 1
7478 2
7479 0
7480 2
7481 1
7482 0
7483 1
7484 2
7485 0
7486 1
7487 2
7488 3
7489 1
7490 0
7491 1
7492 2
7493 0
7494 1
7495 2
7496 0
7497 1
7498 0
7499 1
7500 0
7501 3
7502 2
7503 0
7504 1
7505 2
7506 0
7507 1
7508 2
7509 1
7510 0
7511 2
7512 1
7513 0
7514 1
7515 0
7516 1
7517 2
7518 1
7519 0
7520 3
7521 1
7522 2
7523 0
7524 2
7525 0
7526 2
7527 3
7528 1
7529 0
7530 2
7531 1
7532 0
7533 1
7534 0
7535 1
7536 0
7537 2
7538 1
7539 2
7540 0
7541 1
7542 2
7543 1
7544 2
7545 0
7546 2
7547 1
7548 0
7549 1
7550 2
7551 1
7552 0
7553 1
7554 2
7555 0
7556 1
7557 0
7558 1
7559 2
7560 0
7561 1
7562 0
7563 1
7564 2
7565 1
7566 0
7567 1
7568 0
7569 1
7570 0
7571 1
7572 2
7573 1
7574 2
7575 0
7576 1
7577 0
7578 2
7579 1
7580 2
7581 1
7582 0
7583 1
7584 2
7585 0
7586 1
7587 3
7588 1
7589 0
7590 2
7591 3
7592 0
7593 2
7594 1
7595 0
7596 1
7597 0
7598 1
7599 2
7600 0
7601 1
7602 0
7603 2
7604 1
7605 0
7606 1
7607 2
7608 1
7609 2
7610 0
7611 3
7612 0
7613 1
7614 2
7615 1
7616 0
7617 1
7618 0
7619 1
7620 2
7621 3
7622 2
7623 0
7624 1
7625 2
7626 1
7627 2
7628 1
7629 0
7630 1
7631 0
7632 2
7633 1
7634 0
7635 2
7636 1
7637 2
7638 0
7639 1
7640 2
7641 1
7642 2
7643 1
7644 2
7645 0
7646 1
7647 2
7648 0
7649 2
7650 1
7651 0
7652 2
7653 0
7654 1
7655 2
7656 0
7657 1
7658 0
7659 2
7660 0
7661 2
7662 0
7663 1
7664 2
7665 1
7666 0
7667 1
7668 3
7669 2
7670 3
7671 1
7672 2
7673 3
7674 0
7675 2
7676 1
7677 2
7678 0
7679 1
7680 2
7681 0
7682 2
7683 1
7684 2
7685 1
7686 0
7687 2
7688 1
7689 0
7690 1
7691 3
7692 0
7693 1
7694 0
7695 2
7696 3
7697 0
7698 2
7699 3
7700 1
7701 2
7702 0
7703 3
7704 1
7705 2
7706 0
7707 1
7708 2
7709 0
7710 1
7711 0
7712 1
7713 2
7714 1
7715 0
7716 1
7717 0
7718 2
7719 1
7720 3
7721 2
7722 0
7723 1
7724 0
7725 1
7726 0
7727 1
7728 0
7729 2
7730 0
7731 1
7732 0
7733 1
7734 0
7735 3
7736 2
7737 0
7738 1
7739 2
7740 0
7741 1
7742 0
7743 1
7744 2
7745 0
7746 1
7747 0
7748 2
7749 0
7750 3
7751 2
7752 1
7753 2
7754 3
7755 0
7756 1
7757 0
7758 2
7759 1
7760 2
7761 0
7762 1
7763 2
7764 1
7765 3
7766 1
7767 0
7768 1
7769 3
7770 2
7771 0
7772 1
7773 0
7774 1
7775 0
7776 1
7777 2
7778 1
7779 0
7780 2
7781 1
7782 2
7783 0
7784 1
7785 0
7786 1
7787 2
7788 3
7789 0
7790 2
7791 1
7792 2
7793 0
7794 1
7795 2
7796 0
7797 1
7798 2
7799 1
7800 2
7801 3
7802 0
7803 1
7804 0
7805 1
7806 0
7807 1
7808 0
7809 1
7810 2
7811 1
7812 0
7813 1
7814 2
7815 0
7816 3
7817 2
7818 1
7819 0
7820 1
7821 2
7822 1
7823 0
7824 1
7825 0
7826 1
7827 2
7828 0
7829 2
7830 1
7831 2
7832 0
7833 1
7834 0
7835 2
7836 0
7837 2
7838 1
7839 0
7840 1
7841 2
7842 1
7843 0
7844 2
7845 0
7846 2
7847 3
7848 0
7849 2
7850 1
7851 2
7852 0
7853 2
7854 1
7855 0
7856 1
7857 2
7858 1
7859 0
7860 2
7861 0
7862 2
7863 0
7864 2
7865 0
7866 1
7867 0
7868 1
7869 0
7870 1
7871 0
7872 1
7873 0
7874 1
7875 3
7876 1
7877 2
7878 1
7879 0
7880 1
7881 0
7882 1
7883 0
7884 2
7885 1
7886 2
7887 0
7888 1
7889 0
7890 1
7891 0
7892 2
7893 1
7894 0
7895 1
7896 0
7897 1
7898 2
7899 1
7900 0
7901 1
7902 0
7903 1
7904 0
7905 2
7906 1
7907 2
7908 0
7909 1
7910 0
7911 1
7912 0
7913 2
7914 1
7915 2
7916 0
7917 2
7918 1
7919 2
7920 0
7921 1
7922 0
7923 2
7924 0
7925 1
7926 0
7927 1
7928 2
7929 0
7930 2
7931 1
7932 0
7933 1
7934 2
7935 1
7936 0
7937 1
7938 2
7939 1
7940 2
7941 1
7942 3
7943 1
7944 2
7945 1
7946 2
7947 1
7948 0
7949 1
7950 2
7951 1
7952 0
7953 2
7954 1
7955 0
7956 2
7957 1
7958 0
7959 2
7960 0
7961 2
7962 1
7963 0
7964 1
7965 0
7966 2
7967 1
7968 0
7969 1
7970 2
7971 0
7972 1
7973 0
7974 1
7975 0
7976 1
7977 0
7978 2
7979 1
7980 2
7981 0
7982 2
7983 1
7984 2
7985 0
7986 1
7987 0
7988 1
7989 2
7990 0
7991 3
7992 2
7993 3
7994 1
7995 2
7996 0
7997 2
7998 1
7999 0
8000 2
8001 1
8002 0
8003 1
8004 0
8005 2
8006 1
8007 3
8008 1
8009 0
8010 2
8011 0
8012 2
8013 1
8014 0
8015 1
8016 2
8017 0
8018 1
8019 2
8020 0
8021 1
8022 2
8023 3
8024 2
8025 1
8026 2
8027 0
8028 2
8029 1
8030 2
8031 0
8032 3
8033 1
8034 2
8035 0
8036 1
8037 2
8038 0
8039 2
8040 0
8041 1
8042 0
8043 2
8044 1
8045 0
8046 3
8047 2
8048 1
8049 0
8050 1
8051 2
8052 3
8053 1
8054 3
8055 2
8056 1
8057 2
8058 1
8059 2
8060 0
8061 1
8062 0
8063 1
8064 0
8065 1
8066 2
8067 0
8068 1
8069 0
8070 1
8071 0
8072 1
8073 0
8074 1
8075 0
8076 2
8077 1
8078 0
8079 1
8080 0
8081 2
8082 3
8083 0
8084 2
8085 1
8086 3
8087 2
8088 1
8089 2
8090 0
8091 2
8092 3
8093 1
8094 0
8095 2
8096 3
8097 1
8098 0
8099 1
8100 0
8101 1
8102 0
8103 1
8104 0
8105 3
8106 1
8107 3
8108 2
8109 0
8110 1
8111 0
8112 1
8113 0
8114 2
8115 1
8116 2
8117 0
8118 1
8119 2
8120 1
8121 0
8122 2
8123 1
8124 2
8125 3
8126 1
8127 0
8128 2
8129 1
8130 3
8131 2
8132 1
8133 2
8134 3
8135 0
8136 2
8137 3
8138 1
8139 2
8140 3
8141 1
8142 0
8143 3
8144 2
8145 1
8146 0
8147 1
8148 2
8149 0
8150 2
8151 1
8152 0
8153 1
8154 0
8155 1
8156 3
8157 2
8158 1
8159 0
8160 1
8161 0
8162 3
8163 1
8164 2
8165 1
8166 0
8167 1
8168 2
8169 3
8170 0
8171 1
8172 0
8173 1
8174 0
8175 2
8176 1
8177 0
8178 2
8179 1
8180 0
8181 1
8182 0
8183 1
8184 0
8185 1
8186 2
8187 1
8188 3
8189 1
8190 2
8191 1
8192 2
8193 1
8194 2
8195 1
8196 0
8197 2
8198 0
8199 1
8200 0
8201 1
8202 3
8203 2
8204 0
8205 1
8206 0
8207 1
8208 0
8209 1
8210 0
8211 1
8212 0
8213 1
8214 2
8215 1
8216 0
8217 1
8218 0
8219 1
8220 2
8221 1
8222 2
8223 0
8224 1
8225 0
8226 2
8227 1
8228 2
8229 0
8230 2
8231 1
8232 0
8233 1
8234 0
8235 2
8236 1
8237 2
8238 1
8239 3
8240 0
8241 1
8242 0
8243 2
8244 3
8245 1
8246 2
8247 0
8248 2
8249 3
8250 1
8251 2
8252 0
8253 1
8254 0
8255 2
8256 0
8257 2
8258 1
8259 2
8260 0
8261 2
8262 0
8263 1
8264 2
8265 0
8266 1
8267 0
8268 1
8269 0
8270 2
8271 1
8272 0
8273 2
8274 0
8275 1
8276 2
8277 0
8278 1
8279 2
8280 0
8281 2
8282 1
8283 0
8284 3
8285 1
8286 3
8287 0
8288 3
8289 2
8290 0
8291 2
8292 0
8293 3
8294 1
8295 0
8296 1
8297 2
8298 1
8299 2
8300 0
8301 1
8302 2
8303 0
8304 1
8305 2
8306 1
8307 2
8308 0
8309 3
8310 2
8311 1
8312 0
8313 2
8314 1
8315 3
8316 0
8317 1
8318 0
8319 2
8320 1
8321 2
8322 1
8323 2
8324 1
8325 0
8326 2
8327 1
8328 2
8329 1
8330 0
8331 2
8332 0
8333 1
8334 0
8335 1
8336 0
8337 2
8338 1
8339 3
8340 2
8341 0
8342 2
8343 1
8344 0
8345 1
8346 0
8347 1
8348 2
8349 1
8350 2
8351 1
8352 2
8353 1
8354 0
8355 1
8356 2
8357 3
8358 2
8359 3
8360 0
8361 1
8362 0
8363 2
8364 0
8365 1
8366 3
8367 1
8368 0
8369 2
8370 1
8371 0
8372 2
8373 0
8374 2
8375 0
8376 1
8377 0
8378 2
8379 1
8380 2
8381 0
8382 1
8383 0
8384 3
8385 2
8386 3
8387 1
8388 0
8389 1
8390 0
8391 1
8392 0
8393 1
8394 0
8395 2
8396 0
8397 2
8398 1
8399 0
8400 1
8401 2
8402 3
8403 0
8404 1
8405 3
8406 2
8407 0
8408 2
8409 1
8410 0
8411 1
8412 2
8413 0
8414 2
8415 0
8416 1
8417 2
8418 0
8419 2
8420 1
8421 2
8422 1
8423 0
8424 3
8425 0
8426 1
8427 0
8428 2
8429 1
8430 2
8431 1
8432 0
8433 2
8434 1
8435 2
8436 0
8437 1
8438 2
8439 1
8440 2
8441 1
8442 0
8443 2
8444 1
8445 2
8446 0
8447 1
8448 0
8449 2
8450 1
8451 0
8452 1
8453 2
8454 1
8455 2
8456 0
8457 1
8458 2
8459 1
8460 0
8461 1
8462 2
8463 1
8464 0
8465 3
8466 1
8467 2
8468 0
8469 1
8470 2
8471 1
8472 2
8473 0
8474 1
8475 0
8476 2
8477 1
8478 2
8479 0
8480 2
8481 1
8482 2
8483 1
8484 2
8485 3
8486 0
8487 3
8488 2
8489 0
8490 1
8491 2
8492 0
8493 1
8494 2
8495 0
8496 1
8497 2
8498 1
8499 0
8500 2
8501 1
8502 0
8503 1
8504 0
8505 1
8506 0
8507 2
8508 1
8509 2
8510 0
8511 2
8512 0
8513 2
8514 1
8515 0
8516 1
8517 0
8518 2
8519 0
8520 1
8521 0
8522 1
8523 2
8524 0
8525 2
8526 1
8527 0
8528 2
8529 1
8530 0
8531 2
8532 1
8533 2
8534 0
8535 1
8536 2
8537 0
8538 2
8539 1
8540 2
8541 0
8542 2
8543 1
8544 0
8545 1
8546 2
8547 0
8548 2
8549 3
8550 1
8551 0
8552 3
8553 0
8554 2
8555 1
8556 0
8557 2
8558 1
8559 0
8560 1
8561 0
8562 1
8563 0
8564 1
8565 2
8566 0
8567 1
8568 0
8569 1
8570 0
8571 2
8572 0
8573 1
8574 0
8575 1
8576 0
8577 1
8578 0
8579 1
8580 0
8581 1
8582 0
8583 2
8584 0
8585 1
8586 0
8587 1
8588 0
8589 1
8590 0
8591 2
8592 1
8593 0
8594 1
8595 2
8596 0
8597 1
8598 3
8599 0
8600 2
8601 1
8602 0
8603 1
8604 2
8605 1
8606 2
8607 1
8608 0
8609 1
8610 0
8611 2
8612 0
8613 2
8614 1
8615 0
8616 1
8617 2
8618 3
8619 0
8620 3
8621 1
8622 0
8623 1
8624 0
8625 1
8626 0
8627 2
8628 1
8629 2
8630 0
8631 1
8632 2
8633 3
8634 0
8635 2
8636 1
8637 2
8638 1
8639 0
8640 2
8641 0
8642 2
8643 1
8644 0
8645 1
8646 2
8647 3
8648 1
8649 0
8650 1
8651 2
8652 1
8653 2
8654 1
8655 2
8656 0
8657 1
8658 0
8659 1
8660 0
8661 3
8662 2
8663 0
8664 1
8665 0
8666 2
8667 0
8668 2
8669 1
8670 2
8671 0
8672 2
8673 3
8674 0
8675 2
8676 0
8677 2
8678 0
8679 2
8680 0
8681 1
8682 2
8683 0
8684 2
8685 1
8686 0
8687 2
8688 1
8689 3
8690 0
8691 1
8692 3
8693 1
8694 2
8695 0
8696 1
8697 0
8698 1
8699 0
8700 2
8701 1
8702 2
8703 3
8704 0
8705 2
8706 1
8707 2
8708 1
8709 2
8710 1
8711 0
8712 2
8713 1
8714 0
8715 1
8716 0
8717 2
8718 0
8719 2
8720 1
8721 3
8722 1
8723 0
8724 1
8725 0
8726 2
8727 3
8728 0
8729 1
8730 2
8731 0
8732 1
8733 2
8734 1
8735 0
8736 1
8737 2
8738 0
8739 3
8740 1
8741 2
8742 1
8743 2
8744 3
8745 1
8746 2
8747 0
8748 1
8749 0
8750 1
8751 0
8752 2
8753 3
8754 2
8755 1
8756 2
8757 1
8758 0
8759 1
8760 0
8761 2
8762 0
8763 1
8764 2
8765 1
8766 0
8767 2
8768 1
8769 2
8770 0
8771 2
8772 1
8773 0
8774 1
8775 0
8776 2
8777 1
8778 2
8779 0
8780 2
8781 1
8782 2
8783 1
8784 0
8785 1
8786 0
8787 2
8788 1
8789 0
8790 1
8791 0
8792 1
8793 2
8794 3
8795 0
8796 2
8797 1
8798 0
8799 2
8800 1
8801 0
8802 1
8803 2
8804 0
8805 1
8806 2
8807 1
8808 0
8809 1
8810 2
8811 0
8812 3
8813 1
8814 0
8815 1
8816 2
8817 0
8818 1
8819 0
8820 1
8821 0
8822 2
8823 1
8824 0
8825 1
8826 0
8827 2
8828 0
8829 1
8830 2
8831 1
8832 0
8833 1
8834 2
8835 1
8836 2
8837 1
8838 0
8839 2
8840 1
8841 0
8842 1
8843 2
8844 1
8845 2
8846 0
8847 2
8848 0
8849 1
8850 0
8851 1
8852 2
8853 0
8854 2
8855 1
8856 2
8857 0
8858 2
8859 0
8860 2
8861 1
8862 2
8863 0
8864 3
8865 1
8866 2
8867 1
8868 3
8869 0
8870 2
8871 0
8872 1
8873 0
8874 2
8875 0
8876 1
8877 0
8878 2
8879 1
8880 0
8881 1
8882 0
8883 1
8884 0
8885 1
8886 2
8887 0
8888 1
8889 0
8890 2
8891 1
8892 0
8893 1
8894 2
8895 0
8896 2
8897 0
8898 1
8899 2
8900 1
8901 2
8902 0
8903 2
8904 1
8905 2
8906 0
8907 1
8908 2
8909 0
8910 1
8911 2
8912 1
8913 0
8914 1
8915 3
8916 0
8917 2
8918 1
8919 0
8920 2
8921 1
8922 0
8923 1
8924 2
8925 3
8926 1
8927 0
8928 1
8929 3
8930 1
8931 2
8932 0
8933 2
8934 1
8935 3
8936 1
8937 0
8938 2
8939 1
8940 2
8941 3
8942 1
8943 0
8944 2
8945 3
8946 1
8947 0
8948 1
8949 2
8950 0
8951 1
8952 2
8953 0
8954 1
8955 0
8956 2
8957 1
8958 2
8959 0
8960 3
8961 2
8962 1
8963 0
8964 3
8965 2
8966 0
8967 1
8968 0
8969 2
8970 1
8971 0
8972 2
8973 3
8974 0
8975 2
8976 1
8977 2
8978 1
8979 2
8980 0
8981 1
8982 2
8983 1
8984 2
8985 0
8986 1
8987 2
8988 0
8989 1
8990 0
8991 1
8992 0
8993 2
8994 0
8995 1
8996 0
8997 1
8998 2
8999 1
9000 2
9001 1
9002 2
9003 1
9004 0
9005 1
9006 2
9007 0
9008 1
9009 0
9010 1
9011 0
9012 2
9013 1
9014 2
9015 0
9016 1
9017 0
9018 2
9019 1
9020 0
9021 1
9022 0
9023 1
9024 0
9025 2
9026 0
9027 2
9028 0
9029 1
9030 3
9031 2
9032 0
9033 2
9034 0
9035 1
9036 0
9037 2
9038 3
9039 1
9040 2
9041 0
9042 1
9043 2
9044 3
9045 1
9046 0
9047 2
9048 1
9049 2
9050 0
9051 1
9052 0
9053 1
9054 0
9055 3
9056 2
9057 1
9058 2
9059 0
9060 1
9061 0
9062 2
9063 0
9064 1
9065 2
9066 0
9067 2
9068 1
9069 2
9070 1
9071 0
9072 2
9073 1
9074 0
9075 1
9076 2
9077 0
9078 1
9079 0
9080 1
9081 0
9082 2
9083 1
9084 2
9085 1
9086 2
9087 0
9088 1
9089 0
9090 1
9091 0
9092 1
9093 3
9094 1
9095 0
9096 2
9097 1
9098 2
9099 1
9100 2
9101 1
9102 2
9103 0
9104 1
9105 0
9106 1
9107 0
9108 1
9109 0
9110 2
9111 3
9112 0
9113 1
9114 2
9115 0
9116 1
9117 3
9118 0
9119 1
9120 0
9121 2
9122 1
9123 0
9124 1
9125 0
9126 2
9127 1
9128 2
9129 3
9130 2
9131 1
9132 0
9133 1
9134 2
9135 0
9136 3
9137 1
9138 2
9139 0
9140 2
9141 1
9142 2
9143 1
9144 2
9145 1
9146 3
9147 1
9148 0
9149 1
9150 0
9151 2
9152 0
9153 1
9154 0
9155 1
9156 0
9157 1
9158 3
9159 0
9160 3
9161 0
9162 1
9163 0
9164 1
9165 2
9166 0
9167 1
9168 0
9169 3
9170 0
9171 1
9172 2
9173 1
9174 2
9175 1
9176 2
9177 1
9178 0
9179 1
9180 0
9181 2
9182 1
9183 0
9184 1
9185 3
9186 0
9187 2
9188 1
9189 0
9190 2
9191 0
9192 1
9193 2
9194 0
9195 1
9196 0
9197 2
9198 0
9199 1
9200 0
9201 2
9202 0
9203 2
9204 0
9205 2
9206 0
9207 2
9208 1
9209 0
9210 1
9211 0
9212 2
9213 0
9214 1
9215 0
9216 2
9217 0
9218 1
9219 0
9220 1
9221 0
9222 1
9223 2
9224 0
9225 1
9226 2
9227 0
9228 2
9229 1
9230 3
9231 1
9232 0
9233 3
9234 2
9235 0
9236 2
9237 1
9238 2
9239 1
9240 2
9241 0
9242 1
9243 2
9244 0
9245 1
9246 0
9247 2
9248 0
9249 2
9250 1
9251 2
9252 3
9253 2
9254 0
9255 1
9256 0
9257 1
9258 0
9259 1
9260 0
9261 1
9262 0
9263 2
9264 0
9265 1
9266 0
9267 1
9268 2
9269 0
9270 1
9271 3
9272 0
9273 2
9274 1
9275 2
9276 3
9277 1
9278 3
9279 2
9280 1
9281 0
9282 2
9283 0
9284 1
9285 2
9286 3
9287 1
9288 0
9289 3
9290 1
9291 2
9292 0
9293 1
9294 2
9295 0
9296 1
9297 2
9298 1
9299 0
9300 1
9301 0
9302 1
9303 0
9304 1
9305 0
9306 1
9307 0
9308 1
9309 2
9310 0
9311 1
9312 2
9313 0
9314 2
9315 1
9316 0
9317 1
9318 2
9319 0
9320 2
9321 0
9322 1
9323 0
9324 1
9325 0
9326 1
9327 0
9328 2
9329 1
9330 0
9331 3
9332 0
9333 1
9334 2
9335 0
9336 1
9337 2
9338 1
9339 0
9340 1
9341 0
9342 1
9343 2
9344 3
9345 0
9346 2
9347 1
9348 0
9349 2
9350 0
9351 2
9352 1
9353 0
9354 1
9355 0
9356 3
9357 1
9358 2
9359 1
9360 3
9361 0
9362 1
9363 0
9364 2
9365 0
9366 2
9367 1
9368 0
9369 1
9370 2
9371 0
9372 2
9373 0
9374 2
9375 1
9376 0
9377 2
9378 3
9379 0
9380 1
9381 0
9382 1
9383 2
9384 0
9385 1
9386 2
9387 1
9388 2
9389 0
9390 1
9391 0
9392 1
9393 3
9394 0
9395 1
9396 2
9397 0
9398 2
9399 1
9400 0
9401 1
9402 3
9403 1
9404 2
9405 1
9406 0
9407 1
9408 3
9409 2
9410 1
9411 2
9412 0
9413 2
9414 1
9415 3
9416 2
9417 0
9418 1
9419 2
9420 1
9421 0
9422 1
9423 2
9424 1
9425 0
9426 1
9427 2
9428 1
9429 0
9430 3
9431 2
9432 0
9433 1
9434 2
9435 3
9436 1
9437 0
9438 1
9439 3
9440 1
9441 2
9442 0
9443 1
9444 2
9445 1
9446 0
9447 1
9448 2
9449 0
9450 1
9451 0
9452 3
9453 0
9454 1
9455 2
9456 1
9457 2
9458 0
9459 1
9460 0
9461 1
9462 0
9463 2
9464 1
9465 2
9466 3
9467 0
9468 1
9469 2
9470 0
9471 1
9472 0
9473 2
9474 1
9475 0
9476 1
9477 0
9478 1
9479 2
9480 0
9481 2
9482 1
9483 0
9484 2
9485 3
9486 0
9487 3
9488 1
9489 2
9490 0
9491 1
9492 0
9493 2
9494 0
9495 1
9496 0
9497 1
9498 0
9499 1
9500 0
9501 1
9502 2
9503 1
9504 2
9505 0
9506 1
9507 2
9508 1
9509 2
9510 1
9511 0
9512 2
9513 1
9514 2
9515 1
9516 0
9517 1
9518 0
9519 1
9520 3
9521 2
9522 0
9523 2
9524 1
9525 0
9526 1
9527 2
9528 0
9529 2
9530 1
9531 0
9532 2
9533 3
9534 2
9535 0
9536 1
9537 0
9538 1
9539 2
9540 3
9541 1
9542 0
9543 1
9544 2
9545 0
9546 2
9547 1
9548 2
9549 1
9550 2
9551 1
9552 0
9553 1
9554 0
9555 2
9556 1
9557 2
9558 1
9559 0
9560 2
9561 0
9562 2
9563 1
9564 0
9565 1
9566 0
9567 2
9568 1
9569 2
9570 3
9571 1
9572 2
9573 0
9574 2
9575 1
9576 0
9577 1
9578 0
9579 1
9580 2
9581 1
9582 0
9583 2
9584 0
9585 2
9586 0
9587 2
9588 1
9589 3
9590 2
9591 3
9592 1
9593 2
9594 1
9595 0
9596 2
9597 1
9598 0
9599 1
9600 2
9601 3
9602 1
9603 2
9604 3
9605 1
9606 2
9607 0
9608 2
9609 0
9610 3
9611 1
9612 2
9613 3
9614 1
9615 2
9616 0
9617 1
9618 0
9619 1
9620 0
9621 1
9622 0
9623 1
9624 2
9625 1
9626 0
9627 1
9628 2
9629 0
9630 1
9631 0
9632 2
9633 3
9634 0
9635 1
9636 0
9637 3
9638 2
9639 0
9640 3
9641 0
9642 3
9643 1
9644 0
9645 1
9646 0
9647 2
9648 3
9649 0
9650 1
9651 0
9652 1
9653 2
9654 1
9655 3
9656 1
9657 0
9658 1
9659 0
9660 1
9661 2
9662 1
9663 2
9664 0
9665 3
9666 0
9667 2
9668 0
9669 2
9670 3
9671 1
9672 0
9673 2
9674 1
9675 2
9676 1
9677 2
9678 0
9679 2
9680 0
9681 2
9682 1
9683 2
9684 0
9685 1
9686 0
9687 1
9688 2
9689 0
9690 1
9691 3
9692 0
9693 1
9694 2
9695 0
9696 2
9697 0
9698 1
9699 2
9700 3
9701 0
9702 1
9703 0
9704 2
9705 1
9706 2
9707 0
9708 2
9709 3
9710 1
9711 2
9712 0
9713 1
9714 0
9715 1
9716 3
9717 2
9718 1
9719 2
9720 0
9721 1
9722 2
9723 1
9724 3
9725 0
9726 2
9727 0
9728 2
9729 3
9730 1
9731 0
9732 1
9733 0
9734 1
9735 0
9736 1
9737 2
9738 1
9739 2
9740 1
9741 2
9742 1
9743 2
9744 1
9745 2
9746 3
9747 1
9748 0
9749 1
9750 2
9751 1
9752 2
9753 3
9754 1
9755 0
9756 1
9757 2
9758 1
9759 2
9760 3
9761 1
9762 2
9763 0
9764 1
9765 2
9766 1
9767 0
9768 1
9769 2
9770 0
9771 1
9772 0
9773 1
9774 2
9775 0
9776 2
9777 0
9778 3
9779 2
9780 3
9781 1
9782 0
9783 2
9784 0
9785 2
9786 1
9787 0
9788 1
9789 0
9790 2
9791 1
9792 0
9793 2
9794 1
9795 0
9796 2
9797 0
9798 1
9799 2
9800 0
9801 1
9802 0
9803 1
9804 0
9805 1
9806 0
9807 3
9808 2
9809 1
9810 2
9811 0
9812 1
9813 2
9814 0
9815 1
9816 3
9817 2
9818 0
9819 1
9820 0
9821 2
9822 0
9823 2
9824 0
9825 1
9826 2
9827 0
9828 1
9829 0
9830 2
9831 1
9832 0
9833 1
9834 2
9835 0
9836 2
9837 0
9838 2
9839 0
9840 1
9841 0
9842 2
9843 0
9844 2
9845 0
9846 1
9847 2
9848 1
9849 2
9850 0
9851 1
9852 2
9853 0
9854 1
9855 2
9856 0
9857 3
9858 2
9859 3
9860 0
9861 1
9862 0
9863 2
9864 1
9865 0
9866 2
9867 1
9868 0
9869 1
9870 2
9871 0
9872 1
9873 2
9874 0
9875 2
9876 1
9877 2
9878 0
9879 1
9880 2
9881 0
9882 1
9883 0
9884 2
9885 0
9886 2
9887 0
9888 3
9889 1
9890 2
9891 1
9892 0
9893 1
9894 0
9895 1
9896 0
9897 1
9898 0
9899 1
9900 2
9901 1
9902 0
9903 2
9904 1
9905 0
9906 2
9907 1
9908 2
9909 0
9910 1
9911 3
9912 2
9913 3
9914 1
9915 2
9916 0
9917 1
9918 0
9919 2
9920 1
9921 2
9922 0
9923 2
9924 0
9925 1
9926 2
9927 1
9928 0
9929 2
9930 0
9931 1
9932 0
9933 2
9934 1
9935 0
9936 1
9937 2
9938 0
9939 2
9940 1
9941 0
9942 1
9943 2
9944 0
9945 1
9946 0
9947 2
9948 0
9949 1
9950 0
9951 1
9952 2
9953 1
9954 2
9955 0
9956 2
9957 3
9958 0
9959 1
9960 3
9961 1
9962 0
9963 2
9964 0
9965 2
9966 0
9967 1
9968 0
9969 1
9970 0
9971 2
9972 0
9973 1
9974 2
9975 0
9976 1
9977 0
9978 2
9979 0
9980 1
9981 0
9982 1
9983 0
9984 1
9985 0
9986 1
9987 0
9988 2
9989 1
9990 2
9991 3
9992 4
9993 1
9994 0
9995 3
9996 0
9997 2
9998 1
9999 0
Colors used: 5
Execution time: 4.5889 ms
