100 199
0 8 1 6 2 82 6 92 7 72 20 36 50 10 96 81 97 70
1 6 0 6 3 1 4 22 13 68 31 96 70 7
2 8 0 82 3 28 5 96 11 10 23 75 33 51 43 28 92 64
3 7 1 1 2 28 19 92 21 96 30 87 72 98 97 87
4 12 1 22 15 40 26 33 53 8 62 55 65 86 69 21 85 3 88 65 91 61 96 90 98 70
5 6 2 96 8 62 9 60 20 17 33 55 81 62
6 8 0 92 25 59 36 74 48 74 59 95 65 21 90 10 98 14
7 10 0 72 10 25 12 62 16 76 41 14 43 26 47 54 63 15 87 12 91 8
8 3 5 62 69 71 90 11
9 3 5 60 77 12 98 16
10 7 7 25 14 35 17 61 20 63 28 40 32 36 39 5
11 4 2 10 18 37 22 42 46 52
12 2 7 62 73 59
13 5 1 68 30 50 42 87 71 51 93 58
14 3 10 35 29 46 39 8
15 3 4 40 27 76 37 57
16 4 7 76 21 7 53 3 60 43
17 6 10 61 24 72 28 23 63 7 65 26 69 83
18 5 11 37 44 31 54 16 75 71 87 4
19 3 3 92 31 17 65 28
20 3 0 36 5 17 10 63
21 5 3 96 16 7 29 75 32 75 94 11
22 4 11 42 40 66 45 23 55 50
23 5 2 75 33 60 52 41 61 42 84 71
24 2 17 72 38 90
25 5 6 59 34 7 39 21 43 60 62 78
26 3 4 33 63 9 99 6
27 4 15 76 42 15 75 34 79 41
28 3 10 40 17 23 48 14
29 4 14 46 21 75 80 41 82 3
30 6 3 87 13 50 38 96 62 22 74 64 91 33
31 4 1 96 19 17 32 4 99 85
32 9 10 36 21 75 31 4 34 78 44 10 47 6 58 76 76 57 84 86
33 9 2 51 5 55 23 60 35 64 37 64 58 93 80 97 93 60 99 98
34 3 25 7 32 78 45 5
35 2 33 64 56 25
36 4 6 74 45 30 46 18 81 39
37 4 15 57 33 64 51 71 81 54
38 5 24 90 30 96 39 66 51 100 53 32
39 5 10 5 14 8 25 21 38 66 64 49
40 2 22 66 84 43
41 3 7 14 56 63 57 59
42 5 13 87 27 15 64 45 67 82 73 73
43 7 2 28 7 26 25 60 55 35 79 5 95 46 99 37
44 5 18 31 32 10 49 8 70 17 83 3
45 3 22 23 34 5 36 30
46 2 11 52 36 18
47 3 7 54 32 6 68 95
48 2 6 74 28 14
49 5 44 8 50 59 62 89 67 4 71 24
50 2 0 10 49 59
51 6 37 71 38 100 52 19 54 82 63 41 82 49
52 3 23 41 51 19 67 83
53 3 4 8 16 3 38 32
54 6 18 16 51 82 58 95 59 3 92 53 93 32
55 3 22 50 43 35 79 56
56 2 35 25 41 63
57 1 41 59
58 5 32 76 33 93 54 95 66 37 94 70
59 2 6 95 54 3
60 1 16 43
61 2 23 42 90 20
62 6 4 55 25 78 30 22 49 89 76 96 88 88
63 6 7 15 17 7 26 9 51 41 73 1 82 27
64 4 39 49 42 45 70 71 93 74
65 5 4 86 6 21 17 26 19 28 96 91
66 3 58 37 85 86 97 32
67 4 42 82 49 4 52 83 78 23
68 3 47 95 72 49 94 3
69 5 4 21 8 71 17 83 80 30 86 56
70 3 1 7 44 17 64 71
71 3 13 51 49 24 90 66
72 2 3 98 68 49
73 3 12 59 42 73 63 1
74 1 30 64
75 3 18 71 27 34 96 1
76 2 32 57 62 96
77 2 9 12 88 55
78 2 67 23 96 18
79 4 27 41 43 5 55 56 89 3
80 5 29 41 33 97 69 30 85 66 86 65
81 3 5 62 36 39 37 54
82 4 29 3 51 49 63 27 99 24
83 1 44 3
84 3 23 71 32 86 40 43
85 4 4 3 66 86 80 66 86 93
86 3 69 56 80 65 85 93
87 2 7 12 18 4
88 3 4 65 62 88 77 55
89 1 79 3
90 4 6 10 8 11 61 20 71 66
91 3 4 61 7 8 30 33
92 2 2 64 54 53
93 4 13 58 33 60 54 32 64 74
94 3 21 11 58 70 68 3
95 1 43 46
96 5 0 81 4 90 65 91 75 1 78 18
97 3 0 70 3 87 66 32
98 3 4 70 6 14 9 16
99 5 26 6 31 85 33 98 43 37 82 24