100 200
0 1 1
1 2 2 64
2 2 3 11
3 2 4 16
4 3 5 29 50
5 1 6
6 3 3 7 28
7 2 8 73
8 1 9
9 1 10
10 2 11 85
11 1 12
12 2 9 13
13 1 14
14 1 15
15 2 12 16
16 4 14 17 57 61
17 1 18
18 2 19 41
19 2 20 41
20 2 21 63
21 2 22 27
22 1 23
23 5 1 24 29 36 37
24 2 22 25
25 1 26
26 2 27 70
27 2 10 28
28 3 29 32 62
29 2 30 78
30 1 31
31 1 32
32 2 22 33
33 3 27 34 63
34 2 35 69
35 1 36
36 1 37
37 2 38 47
38 2 2 39
39 1 40
40 3 38 41 90
41 1 42
42 2 5 43
43 2 44 54
44 2 45 60
45 1 46
46 3 47 73 92
47 1 48
48 3 49 58 60
49 3 22 50 64
50 2 45 51
51 1 52
52 2 53 75
53 3 10 31 54
54 1 55
55 4 12 23 28 56
56 3 43 57 88
57 2 14 58
58 2 23 59
59 3 36 39 60
60 2 27 61
61 2 57 62
62 1 63
63 2 64 90
64 2 27 65
65 2 48 66
66 2 46 67
67 4 2 16 68 81
68 5 35 52 56 64 69
69 4 15 70 81 86
70 3 15 71 99
71 2 66 72
72 2 46 73
73 3 14 74 75
74 2 53 75
75 1 76
76 2 37 77
77 1 78
78 1 79
79 2 75 80
80 2 20 81
81 1 82
82 2 40 83
83 2 84 87
84 3 21 39 85
85 1 86
86 1 87
87 2 19 88
88 2 70 89
89 1 90
90 3 16 46 91
91 1 92
92 2 89 93
93 2 64 94
94 1 95
95 2 4 96
96 2 95 97
97 2 64 98
98 3 27 88 99
99 2 0 5
DAMPING 0.85
TOLERANCE 0.0001
MAX_ITERATIONS 100
