1000 2000
0 3 1 74 321
1 1 2
2 2 3 262
3 2 4 973
4 1 5
5 2 6 766
6 2 1 7
7 2 8 726
8 1 9
9 2 10 945
10 3 11 291 933
11 2 12 208
12 2 13 61
13 1 14
14 1 15
15 3 16 474 666
16 2 17 507
17 3 18 380 799
18 1 19
19 2 20 28
20 1 21
21 2 22 624
22 2 23 912
23 4 24 351 729 790
24 3 25 537 673
25 2 26 244
26 3 27 453 469
27 2 28 830
28 1 29
29 1 30
30 3 31 633 816
31 1 32
32 1 33
33 1 34
34 1 35
35 1 36
36 2 37 784
37 1 38
38 3 39 438 524
39 3 40 320 517
40 1 41
41 2 42 756
42 3 43 501 881
43 5 44 217 232 619 733
44 2 45 642
45 5 46 78 516 680 682
46 1 47
47 1 48
48 1 49
49 2 50 72
50 3 51 252 410
51 1 52
52 3 53 504 549
53 1 54
54 2 55 132
55 3 56 198 529
56 2 57 406
57 2 58 986
58 2 59 312
59 2 60 721
60 2 61 961
61 1 62
62 1 63
63 1 64
64 2 65 562
65 1 66
66 1 67
67 1 68
68 1 69
69 4 70 81 320 851
70 4 71 209 342 627
71 2 72 322
72 2 73 362
73 2 74 562
74 2 75 460
75 3 13 76 588
76 3 77 892 955
77 2 78 471
78 5 79 432 465 691 943
79 3 80 480 782
80 1 81
81 1 82
82 1 83
83 3 84 355 383
84 1 85
85 1 86
86 3 87 111 990
87 1 88
88 1 89
89 2 90 547
90 1 91
91 1 92
92 1 93
93 5 94 285 387 640 743
94 2 95 629
95 3 6 96 522
96 3 5 97 952
97 1 98
98 2 99 115
99 3 100 713 780
100 2 101 642
101 1 102
102 1 103
103 2 104 266
104 2 105 459
105 2 106 509
106 2 107 982
107 2 108 317
108 3 15 109 721
109 1 110
110 2 111 668
111 1 112
112 3 113 886 888
113 3 54 114 697
114 1 115
115 2 116 672
116 3 117 439 453
117 2 118 165
118 2 119 372
119 1 120
120 3 121 174 430
121 1 122
122 1 123
123 1 124
124 2 125 305
125 2 126 544
126 2 127 734
127 3 128 353 955
128 1 129
129 3 130 260 282
130 1 131
131 2 132 166
132 1 133
133 1 134
134 1 135
135 2 136 268
136 2 37 137
137 2 138 495
138 2 139 311
139 2 140 689
140 2 141 950
141 4 142 439 531 956
142 4 143 147 707 889
143 4 65 144 283 746
144 1 145
145 1 146
146 2 147 218
147 3 148 466 472
148 1 149
149 2 150 166
150 3 151 249 484
151 1 152
152 2 79 153
153 3 105 154 322
154 2 155 434
155 3 156 555 656
156 2 157 974
157 2 36 158
158 3 159 785 896
159 3 121 160 516
160 1 161
161 2 162 515
162 1 163
163 1 164
164 3 56 165 191
165 1 166
166 2 167 670
167 1 168
168 4 165 169 883 976
169 1 170
170 3 171 401 547
171 2 123 172
172 1 173
173 3 73 174 697
174 3 175 896 919
175 2 176 356
176 1 177
177 1 178
178 2 179 597
179 2 180 433
180 1 181
181 4 182 565 642 678
182 3 110 183 827
183 3 45 184 763
184 2 185 741
185 3 0 186 425
186 1 187
187 3 188 291 343
188 2 189 228
189 3 190 483 776
190 1 191
191 1 192
192 3 80 193 937
193 3 176 194 313
194 3 46 60 195
195 2 196 683
196 2 197 752
197 2 198 384
198 2 176 199
199 2 200 885
200 1 201
201 3 202 331 876
202 1 203
203 1 204
204 2 12 205
205 2 117 206
206 1 207
207 3 89 208 689
208 1 209
209 3 210 274 710
210 4 149 211 289 626
211 4 212 349 375 918
212 1 213
213 2 214 451
214 3 215 359 943
215 4 122 216 241 317
216 2 217 624
217 2 218 670
218 1 219
219 1 220
220 2 221 802
221 2 222 281
222 1 223
223 5 88 224 234 430 987
224 4 225 690 764 924
225 3 226 327 347
226 1 227
227 1 228
228 2 151 229
229 1 230
230 2 231 450
231 1 232
232 4 233 506 546 557
233 1 234
234 1 235
235 1 236
236 1 237
237 1 238
238 2 239 686
239 2 240 635
240 3 241 263 602
241 1 242
242 2 243 416
243 3 244 643 778
244 2 91 245
245 5 246 503 523 876 928
246 1 247
247 2 32 248
248 2 19 249
249 3 233 250 930
250 2 11 251
251 2 252 713
252 2 253 663
253 2 254 447
254 1 255
255 3 256 506 571
256 2 257 782
257 3 258 880 943
258 2 259 434
259 5 37 110 260 815 844
260 1 261
261 6 109 262 695 720 790 825
262 1 263
263 3 3 95 264
264 1 265
265 2 266 530
266 3 96 267 866
267 1 268
268 2 269 752
269 1 270
270 2 271 740
271 1 272
272 1 273
273 3 152 274 499
274 3 275 310 758
275 1 276
276 1 277
277 3 278 454 588
278 1 279
279 2 280 756
280 2 29 281
281 1 282
282 1 283
283 2 284 565
284 1 285
285 3 286 749 928
286 4 244 266 287 488
287 3 155 171 288
288 4 289 538 641 975
289 1 290
290 2 291 580
291 3 200 292 660
292 2 39 293
293 2 287 294
294 2 295 583
295 4 138 296 326 692
296 1 297
297 2 128 298
298 2 179 299
299 2 300 427
300 2 301 949
301 3 203 259 302
302 1 303
303 1 304
304 1 305
305 2 287 306
306 1 307
307 1 308
308 4 309 406 761 799
309 4 71 297 310 824
310 1 311
311 2 312 740
312 1 313
313 2 314 788
314 1 315
315 1 316
316 2 317 989
317 3 318 559 855
318 3 319 599 884
319 3 320 975 996
320 1 321
321 2 322 432
322 3 158 323 926
323 1 324
324 2 325 997
325 2 326 718
326 3 150 327 815
327 2 328 744
328 1 329
329 1 330
330 2 331 753
331 2 332 513
332 2 333 570
333 1 334
334 3 137 166 335
335 2 336 860
336 4 118 337 390 875
337 2 37 338
338 2 339 858
339 4 99 340 551 997
340 2 341 424
341 1 342
342 2 343 544
343 2 215 344
344 1 345
345 4 346 355 493 827
346 2 347 775
347 3 306 348 982
348 3 23 36 349
349 2 350 571
350 2 89 351
351 2 352 602
352 2 353 861
353 2 279 354
354 1 355
355 1 356
356 1 357
357 2 219 358
358 1 359
359 4 270 340 360 747
360 2 361 794
361 4 70 362 594 848
362 1 363
363 3 364 762 937
364 3 287 365 417
365 1 366
366 2 367 718
367 1 368
368 1 369
369 1 370
370 1 371
371 1 372
372 1 373
373 3 374 553 943
374 4 255 375 441 522
375 1 376
376 2 377 544
377 3 378 438 456
378 2 379 822
379 1 380
380 2 158 381
381 1 382
382 3 2 383 589
383 1 384
384 2 232 385
385 3 386 887 956
386 1 387
387 3 204 388 923
388 2 164 389
389 1 390
390 1 391
391 2 392 418
392 2 393 955
393 2 394 649
394 1 395
395 3 345 396 923
396 3 343 397 836
397 2 197 398
398 1 399
399 2 400 521
400 1 401
401 1 402
402 1 403
403 1 404
404 4 164 405 488 982
405 2 258 406
406 1 407
407 1 408
408 2 362 409
409 3 102 410 932
410 1 411
411 2 412 636
412 2 413 585
413 2 414 972
414 1 415
415 1 416
416 2 184 417
417 1 418
418 1 419
419 3 383 420 501
420 2 38 421
421 1 422
422 3 423 571 804
423 1 424
424 1 425
425 3 108 284 426
426 2 267 427
427 1 428
428 2 429 938
429 2 211 430
430 1 431
431 1 432
432 3 433 701 736
433 3 226 434 465
434 4 246 435 757 902
435 3 102 436 957
436 2 437 895
437 1 438
438 3 439 790 880
439 2 374 440
440 4 123 130 192 441
441 1 442
442 1 443
443 3 444 491 703
444 2 445 871
445 1 446
446 1 447
447 1 448
448 3 97 449 735
449 2 450 483
450 3 195 451 925
451 1 452
452 4 46 398 453 614
453 4 5 454 554 891
454 2 455 669
455 3 36 322 456
456 3 457 534 871
457 2 458 519
458 1 459
459 3 97 460 993
460 1 461
461 2 462 800
462 1 463
463 3 464 928 983
464 1 465
465 3 86 466 897
466 1 467
467 1 468
468 1 469
469 1 470
470 3 388 435 471
471 1 472
472 2 473 991
473 2 96 474
474 1 475
475 1 476
476 2 477 826
477 2 108 478
478 1 479
479 2 480 955
480 2 289 481
481 1 482
482 2 483 485
483 2 157 484
484 4 339 485 949 986
485 1 486
486 2 121 487
487 1 488
488 1 489
489 2 490 759
490 4 278 491 592 969
491 2 492 547
492 2 493 787
493 2 247 494
494 2 495 977
495 2 382 496
496 2 333 497
497 2 279 498
498 1 499
499 1 500
500 1 501
501 1 502
502 2 188 503
503 2 265 504
504 3 149 505 610
505 1 506
506 1 507
507 2 508 666
508 2 500 509
509 2 510 749
510 2 511 821
511 2 72 512
512 2 269 513
513 1 514
514 1 515
515 3 516 658 763
516 1 517
517 1 518
518 2 519 661
519 2 473 520
520 2 357 521
521 1 522
522 1 523
523 2 122 524
524 1 525
525 2 98 526
526 2 192 527
527 2 248 528
528 3 385 480 529
529 3 18 530 658
530 1 531
531 2 288 532
532 1 533
533 1 534
534 3 193 535 688
535 2 205 536
536 1 537
537 1 538
538 1 539
539 1 540
540 3 62 445 541
541 1 542
542 1 543
543 3 544 677 951
544 1 545
545 2 546 853
546 2 547 677
547 2 548 723
548 4 35 259 549 664
549 3 550 617 759
550 2 551 735
551 1 552
552 1 553
553 2 554 865
554 2 555 808
555 1 556
556 1 557
557 2 49 558
558 2 162 559
559 1 560
560 2 195 561
561 1 562
562 1 563
563 1 564
564 1 565
565 4 23 256 479 566
566 1 567
567 2 568 940
568 4 243 249 392 569
569 1 570
570 2 554 571
571 5 537 552 572 633 926
572 1 573
573 4 190 337 574 703
574 1 575
575 2 432 576
576 1 577
577 1 578
578 1 579
579 1 580
580 3 125 224 581
581 1 582
582 3 404 583 749
583 1 584
584 1 585
585 1 586
586 3 109 233 587
587 2 588 723
588 3 196 589 745
589 1 590
590 1 591
591 1 592
592 2 359 593
593 2 594 711
594 3 76 225 595
595 3 337 561 596
596 1 597
597 1 598
598 2 599 890
599 1 600
600 1 601
601 1 602
602 4 69 603 880 911
603 2 604 620
604 2 566 605
605 2 197 606
606 4 43 607 715 895
607 2 39 608
608 2 609 983
609 4 194 227 305 610
610 1 611
611 5 428 440 612 955 995
612 2 12 613
613 1 614
614 3 150 615 727
615 3 549 616 645
616 2 31 617
617 2 591 618
618 2 351 619
619 1 620
620 1 621
621 1 622
622 2 623 968
623 1 624
624 1 625
625 1 626
626 2 615 627
627 2 126 628
628 1 629
629 3 482 525 630
630 2 383 631
631 3 436 632 802
632 2 633 890
633 3 67 269 634
634 1 635
635 1 636
636 2 637 854
637 3 566 638 820
638 3 60 145 639
639 1 640
640 1 641
641 3 268 621 642
642 1 643
643 3 644 802 905
644 1 645
645 1 646
646 1 647
647 2 96 648
648 1 649
649 1 650
650 1 651
651 2 652 869
652 3 606 653 787
653 3 654 741 787
654 1 655
655 2 52 656
656 4 112 253 657 997
657 2 658 988
658 3 156 659 898
659 3 246 660 984
660 4 231 310 661 712
661 1 662
662 2 663 683
663 1 664
664 2 413 665
665 1 666
666 1 667
667 2 163 668
668 1 669
669 2 445 670
670 1 671
671 3 555 672 680
672 2 159 673
673 1 674
674 1 675
675 3 36 235 676
676 3 41 467 677
677 3 24 678 700
678 1 679
679 2 680 968
680 1 681
681 2 649 682
682 2 198 683
683 1 684
684 3 685 730 978
685 4 39 449 686 833
686 2 687 930
687 1 688
688 5 10 159 538 689 881
689 1 690
690 2 457 691
691 2 692 756
692 3 345 693 949
693 1 694
694 2 89 695
695 2 696 782
696 1 697
697 1 698
698 1 699
699 1 700
700 2 345 701
701 2 702 910
702 4 95 259 541 703
703 3 704 803 998
704 2 297 705
705 2 64 706
706 2 450 707
707 2 292 708
708 2 704 709
709 1 710
710 1 711
711 4 64 193 575 712
712 2 598 713
713 1 714
714 1 715
715 2 47 716
716 2 612 717
717 3 404 430 718
718 3 243 719 937
719 1 720
720 2 721 913
721 1 722
722 2 565 723
723 3 243 667 724
724 1 725
725 1 726
726 1 727
727 3 547 664 728
728 1 729
729 3 191 196 730
730 1 731
731 1 732
732 2 383 733
733 2 530 734
734 2 151 735
735 2 139 736
736 2 728 737
737 1 738
738 2 739 833
739 3 19 740 842
740 4 87 283 289 741
741 1 742
742 2 530 743
743 3 41 382 744
744 2 17 745
745 4 33 582 746 797
746 2 136 747
747 1 748
748 1 749
749 3 673 750 877
750 1 751
751 4 155 618 752 807
752 3 73 753 853
753 2 77 754
754 3 544 672 755
755 1 756
756 2 757 775
757 3 302 330 758
758 3 621 759 934
759 3 666 760 771
760 1 761
761 3 531 750 762
762 2 518 763
763 3 372 764 914
764 1 765
765 1 766
766 2 200 767
767 1 768
768 2 112 769
769 1 770
770 1 771
771 2 323 772
772 3 773 774 990
773 1 774
774 5 142 360 472 669 775
775 3 281 586 776
776 3 159 600 777
777 1 778
778 5 42 309 721 779 891
779 3 601 613 780
780 3 462 781 896
781 3 782 866 985
782 3 114 760 783
783 4 85 784 972 979
784 4 217 468 674 785
785 1 786
786 3 26 160 787
787 2 639 788
788 2 789 878
789 1 790
790 3 326 768 791
791 3 545 792 980
792 2 426 793
793 3 344 794 923
794 1 795
795 2 449 796
796 2 515 797
797 1 798
798 3 231 388 799
799 3 183 800 928
800 2 266 801
801 3 86 405 802
802 2 724 803
803 2 179 804
804 2 805 881
805 1 806
806 3 275 300 807
807 1 808
808 1 809
809 4 472 685 810 868
810 3 381 811 987
811 1 812
812 2 340 813
813 2 720 814
814 3 273 586 815
815 2 62 816
816 3 171 373 817
817 2 201 818
818 1 819
819 3 359 820 828
820 3 164 169 821
821 2 611 822
822 1 823
823 3 88 824 963
824 2 481 825
825 4 343 386 603 826
826 3 194 827 934
827 1 828
828 2 322 829
829 2 67 830
830 3 535 831 842
831 3 635 832 998
832 3 227 539 833
833 2 650 834
834 2 139 835
835 1 836
836 1 837
837 1 838
838 3 266 750 839
839 2 67 840
840 2 215 841
841 3 604 607 842
842 1 843
843 4 235 728 844 915
844 2 117 845
845 1 846
846 1 847
847 2 600 848
848 1 849
849 2 850 912
850 3 424 799 851
851 1 852
852 3 19 158 853
853 1 854
854 3 470 855 872
855 1 856
856 1 857
857 1 858
858 2 824 859
859 2 388 860
860 3 204 431 861
861 3 384 704 862
862 1 863
863 3 96 204 864
864 1 865
865 2 780 866
866 5 148 253 298 648 867
867 4 78 180 868 906
868 1 869
869 2 690 870
870 1 871
871 3 872 945 991
872 2 263 873
873 1 874
874 3 278 464 875
875 2 876 980
876 3 378 877 927
877 1 878
878 2 62 879
879 1 880
880 2 283 881
881 1 882
882 1 883
883 1 884
884 3 485 883 885
885 2 804 886
886 2 741 887
887 1 888
888 2 317 889
889 2 68 890
890 4 30 87 96 891
891 3 22 592 892
892 1 893
893 2 894 945
894 2 764 895
895 2 519 896
896 3 298 678 897
897 2 898 967
898 1 899
899 1 900
900 1 901
901 2 233 902
902 1 903
903 1 904
904 3 184 475 905
905 2 906 940
906 1 907
907 1 908
908 3 384 909 924
909 1 910
910 3 674 718 911
911 2 372 912
912 1 913
913 1 914
914 1 915
915 1 916
916 1 917
917 3 685 808 918
918 1 919
919 1 920
920 2 367 921
921 4 257 429 922 939
922 1 923
923 2 378 924
924 1 925
925 4 90 859 926 938
926 2 869 927
927 2 654 928
928 2 568 929
929 1 930
930 1 931
931 3 517 876 932
932 2 454 933
933 2 476 934
934 2 268 935
935 4 90 192 385 936
936 2 655 937
937 3 103 773 938
938 1 939
939 3 820 833 940
940 1 941
941 4 88 130 636 942
942 1 943
943 2 567 944
944 3 620 761 945
945 2 507 946
946 2 629 947
947 1 948
948 3 413 803 949
949 1 950
950 2 56 951
951 2 564 952
952 1 953
953 1 954
954 1 955
955 1 956
956 1 957
957 3 72 121 958
958 4 272 511 558 959
959 2 376 960
960 3 248 556 961
961 2 164 962
962 2 166 963
963 3 776 895 964
964 2 43 965
965 2 354 966
966 3 42 282 967
967 1 968
968 1 969
969 3 180 650 970
970 3 749 790 971
971 2 342 972
972 3 230 231 973
973 2 496 974
974 3 769 975 991
975 1 976
976 3 491 974 977
977 2 316 978
978 3 501 783 979
979 3 6 879 980
980 1 981
981 1 982
982 3 12 393 983
983 2 48 984
984 1 985
985 2 470 986
986 1 987
987 1 988
988 3 342 880 989
989 3 18 485 990
990 2 321 991
991 3 171 275 992
992 2 46 993
993 2 876 994
994 3 453 485 995
995 2 616 996
996 3 269 991 997
997 1 998
998 1 999
999 4 0 100 905 997
DAMPING 0.85
TOLERANCE 0.0001
MAX_ITERATIONS 100
